10224
0.455107
0.029442
-0.498743
0.000000
0.000000
0.890890
0.000216
-0.454219
0.421597
-0.139020
-0.498823
0.000000
0.000000
0.723825
-0.299466
-0.621609
0.421597
0.197904
-0.498663
0.000000
0.000000
0.832325
0.344901
-0.433912
0.455107
0.029442
-0.498743
0.000000
0.000000
0.890890
0.000216
-0.454219
0.455107
0.024218
-0.428309
0.000000
0.000000
0.969009
-0.000117
0.247024
0.421597
-0.139020
-0.498823
0.000000
0.000000
0.723825
-0.299466
-0.621609
0.421597
0.197904
-0.498663
0.000000
0.000000
0.832325
0.344901
-0.433912
0.421597
-0.139020
-0.498823
0.000000
0.000000
0.723825
-0.299466
-0.621609
0.326170
0.340719
-0.498595
0.000000
0.000000
0.396035
0.396354
-0.828287
0.421597
0.197904
-0.498663
0.000000
0.000000
0.832325
0.344901
-0.433912
0.455107
0.024218
-0.428309
0.000000
0.000000
0.969009
-0.000117
0.247024
0.455107
0.029442
-0.498743
0.000000
0.000000
0.890890
0.000216
-0.454219
0.421597
0.197904
-0.498663
0.000000
0.000000
0.832325
0.344901
-0.433912
0.326170
0.335495
-0.428162
0.000000
0.000000
0.547414
0.547010
0.633339
0.421597
0.192680
-0.428229
0.000000
0.000000
0.498984
0.206247
0.841711
0.326170
0.340719
-0.498595
0.000000
0.000000
0.396035
0.396354
-0.828287
0.326170
-0.281835
-0.498891
0.000000
0.000000
0.377586
-0.377112
-0.845704
0.183352
0.436146
-0.498550
0.000000
0.000000
0.313805
0.757720
-0.572178
0.326170
0.340719
-0.498595
0.000000
0.000000
0.396035
0.396354
-0.828287
0.326170
0.335495
-0.428162
0.000000
0.000000
0.547414
0.547010
0.633339
0.421597
0.197904
-0.498663
0.000000
0.000000
0.832325
0.344901
-0.433912
0.183352
0.436146
-0.498550
0.000000
0.000000
0.313805
0.757720
-0.572178
0.183352
-0.377261
-0.498936
0.000000
0.000000
0.293865
-0.709014
-0.641048
0.014887
0.469655
-0.498534
0.000000
0.000000
0.000000
0.565566
-0.824703
0.183352
0.436146
-0.498550
0.000000
0.000000
0.313805
0.757720
-0.572178
0.326170
0.335495
-0.428162
0.000000
0.000000
0.547414
0.547010
0.633339
0.326170
0.340719
-0.498595
0.000000
0.000000
0.396035
0.396354
-0.828287
0.183352
0.436146
-0.498550
0.000000
0.000000
0.313805
0.757720
-0.572178
0.014887
0.464430
-0.428100
0.000000
0.000000
-0.000000
0.765253
0.643730
0.183352
0.430921
-0.428116
0.000000
0.000000
0.202772
0.489040
0.848365
0.014887
0.469655
-0.498534
0.000000
0.000000
0.000000
0.565566
-0.824703
0.014887
-0.410770
-0.498952
0.000000
0.000000
-0.000000
-0.527915
-0.849297
-0.153578
0.436146
-0.498550
0.000000
0.000000
-0.313805
0.757720
-0.572178
0.014887
0.469655
-0.498534
0.000000
0.000000
0.000000
0.565566
-0.824703
0.014887
0.464430
-0.428100
0.000000
0.000000
-0.000000
0.765253
0.643730
0.183352
0.436146
-0.498550
0.000000
0.000000
0.313805
0.757720
-0.572178
-0.153578
0.436146
-0.498550
0.000000
0.000000
-0.313805
0.757720
-0.572178
-0.153578
-0.377261
-0.498936
0.000000
0.000000
-0.293865
-0.709014
-0.641048
-0.296396
0.340719
-0.498595
0.000000
0.000000
-0.396035
0.396354
-0.828287
-0.153578
0.436146
-0.498550
0.000000
0.000000
-0.313805
0.757720
-0.572178
0.014887
0.464430
-0.428100
0.000000
0.000000
-0.000000
0.765253
0.643730
0.014887
0.469655
-0.498534
0.000000
0.000000
0.000000
0.565566
-0.824703
-0.153578
0.436146
-0.498550
0.000000
0.000000
-0.313805
0.757720
-0.572178
-0.296396
0.335495
-0.428162
0.000000
0.000000
-0.547414
0.547010
0.633339
-0.153578
0.430921
-0.428116
0.000000
0.000000
-0.202772
0.489040
0.848365
-0.296396
0.340719
-0.498595
0.000000
0.000000
-0.396035
0.396354
-0.828287
-0.296396
-0.281835
-0.498891
0.000000
0.000000
-0.377586
-0.377112
-0.845704
-0.391823
0.197904
-0.498663
0.000000
0.000000
-0.743791
0.308311
-0.593059
-0.296396
0.340719
-0.498595
0.000000
0.000000
-0.396035
0.396354
-0.828287
-0.296396
0.335495
-0.428162
0.000000
0.000000
-0.547414
0.547010
0.633339
-0.153578
0.436146
-0.498550
0.000000
0.000000
-0.313805
0.757720
-0.572178
-0.391823
0.197904
-0.498663
0.000000
0.000000
-0.743791
0.308311
-0.593059
-0.391823
-0.139020
-0.498823
0.000000
0.000000
-0.813549
-0.336694
-0.474105
-0.425333
0.029442
-0.498743
0.000000
0.000000
-0.890890
0.000216
-0.454219
-0.391823
0.197904
-0.498663
0.000000
0.000000
-0.743791
0.308311
-0.593059
-0.296396
0.335495
-0.428162
0.000000
0.000000
-0.547414
0.547010
0.633339
-0.296396
0.340719
-0.498595
0.000000
0.000000
-0.396035
0.396354
-0.828287
-0.391823
0.197904
-0.498663
0.000000
0.000000
-0.743791
0.308311
-0.593059
-0.425333
0.024218
-0.428309
0.000000
0.000000
-0.969009
-0.000117
0.247024
-0.391823
0.192680
-0.428229
0.000000
0.000000
-0.637727
0.263761
0.723695
-0.425333
0.029442
-0.498743
0.000000
0.000000
-0.890890
0.000216
-0.454219
-0.425333
0.024218
-0.428309
0.000000
0.000000
-0.969009
-0.000117
0.247024
-0.391823
0.197904
-0.498663
0.000000
0.000000
-0.743791
0.308311
-0.593059
-0.391823
-0.139020
-0.498823
0.000000
0.000000
-0.813549
-0.336694
-0.474105
-0.391823
0.197904
-0.498663
0.000000
0.000000
-0.743791
0.308311
-0.593059
-0.296396
-0.281835
-0.498891
0.000000
0.000000
-0.377586
-0.377112
-0.845704
-0.391823
-0.139020
-0.498823
0.000000
0.000000
-0.813549
-0.336694
-0.474105
-0.425333
0.024218
-0.428309
0.000000
0.000000
-0.969009
-0.000117
0.247024
-0.425333
0.029442
-0.498743
0.000000
0.000000
-0.890890
0.000216
-0.454219
-0.391823
-0.139020
-0.498823
0.000000
0.000000
-0.813549
-0.336694
-0.474105
-0.296396
-0.287059
-0.428457
0.000000
0.000000
-0.575632
-0.575798
0.580607
-0.391823
-0.144244
-0.428389
0.000000
0.000000
-0.512039
-0.212448
0.832275
-0.296396
-0.281835
-0.498891
0.000000
0.000000
-0.377586
-0.377112
-0.845704
-0.296396
0.340719
-0.498595
0.000000
0.000000
-0.396035
0.396354
-0.828287
-0.153578
-0.377261
-0.498936
0.000000
0.000000
-0.293865
-0.709014
-0.641048
-0.296396
-0.281835
-0.498891
0.000000
0.000000
-0.377586
-0.377112
-0.845704
-0.296396
-0.287059
-0.428457
0.000000
0.000000
-0.575632
-0.575798
0.580607
-0.391823
-0.139020
-0.498823
0.000000
0.000000
-0.813549
-0.336694
-0.474105
-0.153578
-0.377261
-0.498936
0.000000
0.000000
-0.293865
-0.709014
-0.641048
-0.153578
0.436146
-0.498550
0.000000
0.000000
-0.313805
0.757720
-0.572178
0.014887
-0.410770
-0.498952
0.000000
0.000000
-0.000000
-0.527915
-0.849297
-0.153578
-0.377261
-0.498936
0.000000
0.000000
-0.293865
-0.709014
-0.641048
-0.296396
-0.287059
-0.428457
0.000000
0.000000
-0.575632
-0.575798
0.580607
-0.296396
-0.281835
-0.498891
0.000000
0.000000
-0.377586
-0.377112
-0.845704
-0.153578
-0.377261
-0.498936
0.000000
0.000000
-0.293865
-0.709014
-0.641048
0.014887
-0.415994
-0.428518
0.000000
0.000000
-0.000000
-0.822201
0.569198
-0.153578
-0.382485
-0.428502
0.000000
0.000000
-0.215809
-0.521303
0.825633
0.014887
-0.410770
-0.498952
0.000000
0.000000
-0.000000
-0.527915
-0.849297
0.014887
0.469655
-0.498534
0.000000
0.000000
0.000000
0.565566
-0.824703
0.183352
-0.377261
-0.498936
0.000000
0.000000
0.293865
-0.709014
-0.641048
0.014887
-0.410770
-0.498952
0.000000
0.000000
-0.000000
-0.527915
-0.849297
0.014887
-0.415994
-0.428518
0.000000
0.000000
-0.000000
-0.822201
0.569198
-0.153578
-0.377261
-0.498936
0.000000
0.000000
-0.293865
-0.709014
-0.641048
0.183352
-0.377261
-0.498936
0.000000
0.000000
0.293865
-0.709014
-0.641048
0.183352
0.436146
-0.498550
0.000000
0.000000
0.313805
0.757720
-0.572178
0.326170
-0.281835
-0.498891
0.000000
0.000000
0.377586
-0.377112
-0.845704
0.183352
-0.377261
-0.498936
0.000000
0.000000
0.293865
-0.709014
-0.641048
0.014887
-0.415994
-0.428518
0.000000
0.000000
-0.000000
-0.822201
0.569198
0.014887
-0.410770
-0.498952
0.000000
0.000000
-0.000000
-0.527915
-0.849297
0.183352
-0.377261
-0.498936
0.000000
0.000000
0.293865
-0.709014
-0.641048
0.326170
-0.287059
-0.428457
0.000000
0.000000
0.575632
-0.575798
0.580607
0.183352
-0.382485
-0.428502
0.000000
0.000000
0.215809
-0.521303
0.825633
0.326170
-0.281835
-0.498891
0.000000
0.000000
0.377586
-0.377112
-0.845704
0.326170
0.340719
-0.498595
0.000000
0.000000
0.396035
0.396354
-0.828287
0.421597
-0.139020
-0.498823
0.000000
0.000000
0.723825
-0.299466
-0.621609
0.326170
-0.281835
-0.498891
0.000000
0.000000
0.377586
-0.377112
-0.845704
0.326170
-0.287059
-0.428457
0.000000
0.000000
0.575632
-0.575798
0.580607
0.183352
-0.377261
-0.498936
0.000000
0.000000
0.293865
-0.709014
-0.641048
0.421597
-0.139020
-0.498823
0.000000
0.000000
0.723825
-0.299466
-0.621609
0.455107
0.024218
-0.428309
0.000000
0.000000
0.969009
-0.000117
0.247024
0.421597
-0.144244
-0.428389
0.000000
0.000000
0.655960
-0.271990
0.704087
0.421597
-0.139020
-0.498823
0.000000
0.000000
0.723825
-0.299466
-0.621609
0.326170
-0.287059
-0.428457
0.000000
0.000000
0.575632
-0.575798
0.580607
0.326170
-0.281835
-0.498891
0.000000
0.000000
0.377586
-0.377112
-0.845704
0.421597
0.192680
-0.428229
0.000000
0.000000
0.498984
0.206247
0.841711
0.455107
0.024218
-0.428309
0.000000
0.000000
0.969009
-0.000117
0.247024
0.421597
0.197904
-0.498663
0.000000
0.000000
0.832325
0.344901
-0.433912
0.421597
0.192680
-0.428229
0.000000
0.000000
0.498984
0.206247
0.841711
0.421597
-0.144244
-0.428389
0.000000
0.000000
0.655960
-0.271990
0.704087
0.455107
0.024218
-0.428309
0.000000
0.000000
0.969009
-0.000117
0.247024
0.326170
0.335495
-0.428162
0.000000
0.000000
0.547414
0.547010
0.633339
0.326170
-0.287059
-0.428457
0.000000
0.000000
0.575632
-0.575798
0.580607
0.421597
0.192680
-0.428229
0.000000
0.000000
0.498984
0.206247
0.841711
0.183352
0.430921
-0.428116
0.000000
0.000000
0.202772
0.489040
0.848365
0.326170
0.335495
-0.428162
0.000000
0.000000
0.547414
0.547010
0.633339
0.183352
0.436146
-0.498550
0.000000
0.000000
0.313805
0.757720
-0.572178
0.183352
0.430921
-0.428116
0.000000
0.000000
0.202772
0.489040
0.848365
0.183352
-0.382485
-0.428502
0.000000
0.000000
0.215809
-0.521303
0.825633
0.326170
0.335495
-0.428162
0.000000
0.000000
0.547414
0.547010
0.633339
0.014887
0.464430
-0.428100
0.000000
0.000000
-0.000000
0.765253
0.643730
0.014887
-0.415994
-0.428518
0.000000
0.000000
-0.000000
-0.822201
0.569198
0.183352
0.430921
-0.428116
0.000000
0.000000
0.202772
0.489040
0.848365
-0.153578
0.430921
-0.428116
0.000000
0.000000
-0.202772
0.489040
0.848365
0.014887
0.464430
-0.428100
0.000000
0.000000
-0.000000
0.765253
0.643730
-0.153578
0.436146
-0.498550
0.000000
0.000000
-0.313805
0.757720
-0.572178
-0.153578
0.430921
-0.428116
0.000000
0.000000
-0.202772
0.489040
0.848365
-0.153578
-0.382485
-0.428502
0.000000
0.000000
-0.215809
-0.521303
0.825633
0.014887
0.464430
-0.428100
0.000000
0.000000
-0.000000
0.765253
0.643730
-0.296396
0.335495
-0.428162
0.000000
0.000000
-0.547414
0.547010
0.633339
-0.296396
-0.287059
-0.428457
0.000000
0.000000
-0.575632
-0.575798
0.580607
-0.153578
0.430921
-0.428116
0.000000
0.000000
-0.202772
0.489040
0.848365
-0.391823
0.192680
-0.428229
0.000000
0.000000
-0.637727
0.263761
0.723695
-0.296396
0.335495
-0.428162
0.000000
0.000000
-0.547414
0.547010
0.633339
-0.391823
0.197904
-0.498663
0.000000
0.000000
-0.743791
0.308311
-0.593059
-0.391823
0.192680
-0.428229
0.000000
0.000000
-0.637727
0.263761
0.723695
-0.391823
-0.144244
-0.428389
0.000000
0.000000
-0.512039
-0.212448
0.832275
-0.296396
0.335495
-0.428162
0.000000
0.000000
-0.547414
0.547010
0.633339
-0.425333
0.024218
-0.428309
0.000000
0.000000
-0.969009
-0.000117
0.247024
-0.391823
-0.144244
-0.428389
0.000000
0.000000
-0.512039
-0.212448
0.832275
-0.391823
0.192680
-0.428229
0.000000
0.000000
-0.637727
0.263761
0.723695
-0.391823
-0.144244
-0.428389
0.000000
0.000000
-0.512039
-0.212448
0.832275
-0.425333
0.024218
-0.428309
0.000000
0.000000
-0.969009
-0.000117
0.247024
-0.391823
-0.139020
-0.498823
0.000000
0.000000
-0.813549
-0.336694
-0.474105
-0.296396
-0.287059
-0.428457
0.000000
0.000000
-0.575632
-0.575798
0.580607
-0.296396
0.335495
-0.428162
0.000000
0.000000
-0.547414
0.547010
0.633339
-0.391823
-0.144244
-0.428389
0.000000
0.000000
-0.512039
-0.212448
0.832275
-0.153578
-0.382485
-0.428502
0.000000
0.000000
-0.215809
-0.521303
0.825633
-0.153578
0.430921
-0.428116
0.000000
0.000000
-0.202772
0.489040
0.848365
-0.296396
-0.287059
-0.428457
0.000000
0.000000
-0.575632
-0.575798
0.580607
-0.153578
-0.382485
-0.428502
0.000000
0.000000
-0.215809
-0.521303
0.825633
-0.296396
-0.287059
-0.428457
0.000000
0.000000
-0.575632
-0.575798
0.580607
-0.153578
-0.377261
-0.498936
0.000000
0.000000
-0.293865
-0.709014
-0.641048
0.014887
-0.415994
-0.428518
0.000000
0.000000
-0.000000
-0.822201
0.569198
0.014887
0.464430
-0.428100
0.000000
0.000000
-0.000000
0.765253
0.643730
-0.153578
-0.382485
-0.428502
0.000000
0.000000
-0.215809
-0.521303
0.825633
0.183352
-0.382485
-0.428502
0.000000
0.000000
0.215809
-0.521303
0.825633
0.183352
0.430921
-0.428116
0.000000
0.000000
0.202772
0.489040
0.848365
0.014887
-0.415994
-0.428518
0.000000
0.000000
-0.000000
-0.822201
0.569198
0.183352
-0.382485
-0.428502
0.000000
0.000000
0.215809
-0.521303
0.825633
0.014887
-0.415994
-0.428518
0.000000
0.000000
-0.000000
-0.822201
0.569198
0.183352
-0.377261
-0.498936
0.000000
0.000000
0.293865
-0.709014
-0.641048
0.326170
-0.287059
-0.428457
0.000000
0.000000
0.575632
-0.575798
0.580607
0.326170
0.335495
-0.428162
0.000000
0.000000
0.547414
0.547010
0.633339
0.183352
-0.382485
-0.428502
0.000000
0.000000
0.215809
-0.521303
0.825633
0.421597
-0.144244
-0.428389
0.000000
0.000000
0.655960
-0.271990
0.704087
0.421597
0.192680
-0.428229
0.000000
0.000000
0.498984
0.206247
0.841711
0.326170
-0.287059
-0.428457
0.000000
0.000000
0.575632
-0.575798
0.580607
0.421597
-0.144244
-0.428389
0.000000
0.000000
0.655960
-0.271990
0.704087
0.326170
-0.287059
-0.428457
0.000000
0.000000
0.575632
-0.575798
0.580607
0.421597
-0.139020
-0.498823
0.000000
0.000000
0.723825
-0.299466
-0.621609
1.259671
-0.135835
-0.456328
0.000000
0.000000
0.890890
0.000216
-0.454219
1.239431
-0.237587
-0.456377
0.000000
0.000000
0.723825
-0.299466
-0.621609
1.239431
-0.034084
-0.456280
0.000000
0.000000
0.832325
0.344901
-0.433912
1.259671
-0.135835
-0.456328
0.000000
0.000000
0.890890
0.000216
-0.454219
1.259671
-0.138991
-0.413786
0.000000
0.000000
0.969009
-0.000117
0.247024
1.239431
-0.237587
-0.456377
0.000000
0.000000
0.723825
-0.299466
-0.621609
1.239431
-0.034084
-0.456280
0.000000
0.000000
0.832325
0.344901
-0.433912
1.239431
-0.237587
-0.456377
0.000000
0.000000
0.723825
-0.299466
-0.621609
1.181793
0.052176
-0.456239
0.000000
0.000000
0.396035
0.396354
-0.828287
1.239431
-0.034084
-0.456280
0.000000
0.000000
0.832325
0.344901
-0.433912
1.259671
-0.138991
-0.413786
0.000000
0.000000
0.969009
-0.000117
0.247024
1.259671
-0.135835
-0.456328
0.000000
0.000000
0.890890
0.000216
-0.454219
1.239431
-0.034084
-0.456280
0.000000
0.000000
0.832325
0.344901
-0.433912
1.181793
0.049020
-0.413697
0.000000
0.000000
0.547414
0.547010
0.633339
1.239431
-0.037240
-0.413738
0.000000
0.000000
0.498984
0.206247
0.841711
1.181793
0.052176
-0.456239
0.000000
0.000000
0.396035
0.396354
-0.828287
1.181793
-0.323847
-0.456418
0.000000
0.000000
0.377586
-0.377112
-0.845704
1.095531
0.109813
-0.456212
0.000000
0.000000
0.313805
0.757720
-0.572178
1.181793
0.052176
-0.456239
0.000000
0.000000
0.396035
0.396354
-0.828287
1.181793
0.049020
-0.413697
0.000000
0.000000
0.547414
0.547010
0.633339
1.239431
-0.034084
-0.456280
0.000000
0.000000
0.832325
0.344901
-0.433912
1.095531
0.109813
-0.456212
0.000000
0.000000
0.313805
0.757720
-0.572178
1.095531
-0.381484
-0.456445
0.000000
0.000000
0.293865
-0.709014
-0.641048
0.993778
0.130053
-0.456202
0.000000
0.000000
0.000000
0.565566
-0.824703
1.095531
0.109813
-0.456212
0.000000
0.000000
0.313805
0.757720
-0.572178
1.181793
0.049020
-0.413697
0.000000
0.000000
0.547414
0.547010
0.633339
1.181793
0.052176
-0.456239
0.000000
0.000000
0.396035
0.396354
-0.828287
1.095531
0.109813
-0.456212
0.000000
0.000000
0.313805
0.757720
-0.572178
0.993778
0.126897
-0.413660
0.000000
0.000000
0.000000
0.765253
0.643730
1.095531
0.106657
-0.413670
0.000000
0.000000
0.202772
0.489040
0.848365
0.993778
0.130053
-0.456202
0.000000
0.000000
0.000000
0.565566
-0.824703
0.993778
-0.401724
-0.456455
0.000000
0.000000
-0.000000
-0.527915
-0.849297
0.892025
0.109813
-0.456212
0.000000
0.000000
-0.313805
0.757720
-0.572178
0.993778
0.130053
-0.456202
0.000000
0.000000
0.000000
0.565566
-0.824703
0.993778
0.126897
-0.413660
0.000000
0.000000
0.000000
0.765253
0.643730
1.095531
0.109813
-0.456212
0.000000
0.000000
0.313805
0.757720
-0.572178
0.892025
0.109813
-0.456212
0.000000
0.000000
-0.313805
0.757720
-0.572178
0.892025
-0.381484
-0.456445
0.000000
0.000000
-0.293865
-0.709014
-0.641048
0.805763
0.052176
-0.456239
0.000000
0.000000
-0.396035
0.396354
-0.828287
0.892025
0.109813
-0.456212
0.000000
0.000000
-0.313805
0.757720
-0.572178
0.993778
0.126897
-0.413660
0.000000
0.000000
0.000000
0.765253
0.643730
0.993778
0.130053
-0.456202
0.000000
0.000000
0.000000
0.565566
-0.824703
0.892025
0.109813
-0.456212
0.000000
0.000000
-0.313805
0.757720
-0.572178
0.805763
0.049020
-0.413697
0.000000
0.000000
-0.547414
0.547010
0.633339
0.892025
0.106657
-0.413670
0.000000
0.000000
-0.202772
0.489040
0.848365
0.805763
0.052176
-0.456239
0.000000
0.000000
-0.396035
0.396354
-0.828287
0.805763
-0.323847
-0.456418
0.000000
0.000000
-0.377586
-0.377112
-0.845704
0.748125
-0.034084
-0.456280
0.000000
0.000000
-0.743791
0.308311
-0.593059
0.805763
0.052176
-0.456239
0.000000
0.000000
-0.396035
0.396354
-0.828287
0.805763
0.049020
-0.413697
0.000000
0.000000
-0.547414
0.547010
0.633339
0.892025
0.109813
-0.456212
0.000000
0.000000
-0.313805
0.757720
-0.572178
0.748125
-0.034084
-0.456280
0.000000
0.000000
-0.743791
0.308311
-0.593059
0.748125
-0.237587
-0.456377
0.000000
0.000000
-0.813549
-0.336694
-0.474105
0.727885
-0.135835
-0.456328
0.000000
0.000000
-0.890890
0.000216
-0.454219
0.748125
-0.034084
-0.456280
0.000000
0.000000
-0.743791
0.308311
-0.593059
0.805763
0.049020
-0.413697
0.000000
0.000000
-0.547414
0.547010
0.633339
0.805763
0.052176
-0.456239
0.000000
0.000000
-0.396035
0.396354
-0.828287
0.748125
-0.034084
-0.456280
0.000000
0.000000
-0.743791
0.308311
-0.593059
0.727885
-0.138991
-0.413786
0.000000
0.000000
-0.969009
-0.000117
0.247024
0.748125
-0.037240
-0.413738
0.000000
0.000000
-0.637727
0.263761
0.723695
0.727885
-0.135835
-0.456328
0.000000
0.000000
-0.890890
0.000216
-0.454219
0.727885
-0.138991
-0.413786
0.000000
0.000000
-0.969009
-0.000117
0.247024
0.748125
-0.034084
-0.456280
0.000000
0.000000
-0.743791
0.308311
-0.593059
0.748125
-0.237587
-0.456377
0.000000
0.000000
-0.813549
-0.336694
-0.474105
0.748125
-0.034084
-0.456280
0.000000
0.000000
-0.743791
0.308311
-0.593059
0.805763
-0.323847
-0.456418
0.000000
0.000000
-0.377586
-0.377112
-0.845704
0.748125
-0.237587
-0.456377
0.000000
0.000000
-0.813549
-0.336694
-0.474105
0.727885
-0.138991
-0.413786
0.000000
0.000000
-0.969009
-0.000117
0.247024
0.727885
-0.135835
-0.456328
0.000000
0.000000
-0.890890
0.000216
-0.454219
0.748125
-0.237587
-0.456377
0.000000
0.000000
-0.813549
-0.336694
-0.474105
0.805763
-0.327002
-0.413876
0.000000
0.000000
-0.575632
-0.575798
0.580607
0.748125
-0.240742
-0.413835
0.000000
0.000000
-0.512039
-0.212448
0.832275
0.805763
-0.323847
-0.456418
0.000000
0.000000
-0.377586
-0.377112
-0.845704
0.805763
0.052176
-0.456239
0.000000
0.000000
-0.396035
0.396354
-0.828287
0.892025
-0.381484
-0.456445
0.000000
0.000000
-0.293865
-0.709014
-0.641048
0.805763
-0.323847
-0.456418
0.000000
0.000000
-0.377586
-0.377112
-0.845704
0.805763
-0.327002
-0.413876
0.000000
0.000000
-0.575632
-0.575798
0.580607
0.748125
-0.237587
-0.456377
0.000000
0.000000
-0.813549
-0.336694
-0.474105
0.892025
-0.381484
-0.456445
0.000000
0.000000
-0.293865
-0.709014
-0.641048
0.892025
0.109813
-0.456212
0.000000
0.000000
-0.313805
0.757720
-0.572178
0.993778
-0.401724
-0.456455
0.000000
0.000000
-0.000000
-0.527915
-0.849297
0.892025
-0.381484
-0.456445
0.000000
0.000000
-0.293865
-0.709014
-0.641048
0.805763
-0.327002
-0.413876
0.000000
0.000000
-0.575632
-0.575798
0.580607
0.805763
-0.323847
-0.456418
0.000000
0.000000
-0.377586
-0.377112
-0.845704
0.892025
-0.381484
-0.456445
0.000000
0.000000
-0.293865
-0.709014
-0.641048
0.993778
-0.404879
-0.413913
0.000000
0.000000
-0.000000
-0.822201
0.569198
0.892025
-0.384640
-0.413903
0.000000
0.000000
-0.215809
-0.521303
0.825633
0.993778
-0.401724
-0.456455
0.000000
0.000000
-0.000000
-0.527915
-0.849297
0.993778
0.130053
-0.456202
0.000000
0.000000
0.000000
0.565566
-0.824703
1.095531
-0.381484
-0.456445
0.000000
0.000000
0.293865
-0.709014
-0.641048
0.993778
-0.401724
-0.456455
0.000000
0.000000
-0.000000
-0.527915
-0.849297
0.993778
-0.404879
-0.413913
0.000000
0.000000
-0.000000
-0.822201
0.569198
0.892025
-0.381484
-0.456445
0.000000
0.000000
-0.293865
-0.709014
-0.641048
1.095531
-0.381484
-0.456445
0.000000
0.000000
0.293865
-0.709014
-0.641048
1.095531
0.109813
-0.456212
0.000000
0.000000
0.313805
0.757720
-0.572178
1.181793
-0.323847
-0.456418
0.000000
0.000000
0.377586
-0.377112
-0.845704
1.095531
-0.381484
-0.456445
0.000000
0.000000
0.293865
-0.709014
-0.641048
0.993778
-0.404879
-0.413913
0.000000
0.000000
-0.000000
-0.822201
0.569198
0.993778
-0.401724
-0.456455
0.000000
0.000000
-0.000000
-0.527915
-0.849297
1.095531
-0.381484
-0.456445
0.000000
0.000000
0.293865
-0.709014
-0.641048
1.181793
-0.327002
-0.413876
0.000000
0.000000
0.575632
-0.575798
0.580607
1.095531
-0.384640
-0.413903
0.000000
0.000000
0.215809
-0.521303
0.825633
1.181793
-0.323847
-0.456418
0.000000
0.000000
0.377586
-0.377112
-0.845704
1.181793
0.052176
-0.456239
0.000000
0.000000
0.396035
0.396354
-0.828287
1.239431
-0.237587
-0.456377
0.000000
0.000000
0.723825
-0.299466
-0.621609
1.181793
-0.323847
-0.456418
0.000000
0.000000
0.377586
-0.377112
-0.845704
1.181793
-0.327002
-0.413876
0.000000
0.000000
0.575632
-0.575798
0.580607
1.095531
-0.381484
-0.456445
0.000000
0.000000
0.293865
-0.709014
-0.641048
1.239431
-0.237587
-0.456377
0.000000
0.000000
0.723825
-0.299466
-0.621609
1.259671
-0.138991
-0.413786
0.000000
0.000000
0.969009
-0.000117
0.247024
1.239431
-0.240742
-0.413835
0.000000
0.000000
0.655960
-0.271990
0.704087
1.239431
-0.237587
-0.456377
0.000000
0.000000
0.723825
-0.299466
-0.621609
1.181793
-0.327002
-0.413876
0.000000
0.000000
0.575632
-0.575798
0.580607
1.181793
-0.323847
-0.456418
0.000000
0.000000
0.377586
-0.377112
-0.845704
1.239431
-0.037240
-0.413738
0.000000
0.000000
0.498984
0.206247
0.841711
1.259671
-0.138991
-0.413786
0.000000
0.000000
0.969009
-0.000117
0.247024
1.239431
-0.034084
-0.456280
0.000000
0.000000
0.832325
0.344901
-0.433912
1.239431
-0.037240
-0.413738
0.000000
0.000000
0.498984
0.206247
0.841711
1.239431
-0.240742
-0.413835
0.000000
0.000000
0.655960
-0.271990
0.704087
1.259671
-0.138991
-0.413786
0.000000
0.000000
0.969009
-0.000117
0.247024
1.181793
0.049020
-0.413697
0.000000
0.000000
0.547414
0.547010
0.633339
1.181793
-0.327002
-0.413876
0.000000
0.000000
0.575632
-0.575798
0.580607
1.239431
-0.037240
-0.413738
0.000000
0.000000
0.498984
0.206247
0.841711
1.095531
0.106657
-0.413670
0.000000
0.000000
0.202772
0.489040
0.848365
1.181793
0.049020
-0.413697
0.000000
0.000000
0.547414
0.547010
0.633339
1.095531
0.109813
-0.456212
0.000000
0.000000
0.313805
0.757720
-0.572178
1.095531
0.106657
-0.413670
0.000000
0.000000
0.202772
0.489040
0.848365
1.095531
-0.384640
-0.413903
0.000000
0.000000
0.215809
-0.521303
0.825633
1.181793
0.049020
-0.413697
0.000000
0.000000
0.547414
0.547010
0.633339
0.993778
0.126897
-0.413660
0.000000
0.000000
0.000000
0.765253
0.643730
0.993778
-0.404879
-0.413913
0.000000
0.000000
-0.000000
-0.822201
0.569198
1.095531
0.106657
-0.413670
0.000000
0.000000
0.202772
0.489040
0.848365
0.892025
0.106657
-0.413670
0.000000
0.000000
-0.202772
0.489040
0.848365
0.993778
0.126897
-0.413660
0.000000
0.000000
0.000000
0.765253
0.643730
0.892025
0.109813
-0.456212
0.000000
0.000000
-0.313805
0.757720
-0.572178
0.892025
0.106657
-0.413670
0.000000
0.000000
-0.202772
0.489040
0.848365
0.892025
-0.384640
-0.413903
0.000000
0.000000
-0.215809
-0.521303
0.825633
0.993778
0.126897
-0.413660
0.000000
0.000000
0.000000
0.765253
0.643730
0.805763
0.049020
-0.413697
0.000000
0.000000
-0.547414
0.547010
0.633339
0.805763
-0.327002
-0.413876
0.000000
0.000000
-0.575632
-0.575798
0.580607
0.892025
0.106657
-0.413670
0.000000
0.000000
-0.202772
0.489040
0.848365
0.748125
-0.037240
-0.413738
0.000000
0.000000
-0.637727
0.263761
0.723695
0.805763
0.049020
-0.413697
0.000000
0.000000
-0.547414
0.547010
0.633339
0.748125
-0.034084
-0.456280
0.000000
0.000000
-0.743791
0.308311
-0.593059
0.748125
-0.037240
-0.413738
0.000000
0.000000
-0.637727
0.263761
0.723695
0.748125
-0.240742
-0.413835
0.000000
0.000000
-0.512039
-0.212448
0.832275
0.805763
0.049020
-0.413697
0.000000
0.000000
-0.547414
0.547010
0.633339
0.727885
-0.138991
-0.413786
0.000000
0.000000
-0.969009
-0.000117
0.247024
0.748125
-0.240742
-0.413835
0.000000
0.000000
-0.512039
-0.212448
0.832275
0.748125
-0.037240
-0.413738
0.000000
0.000000
-0.637727
0.263761
0.723695
0.748125
-0.240742
-0.413835
0.000000
0.000000
-0.512039
-0.212448
0.832275
0.727885
-0.138991
-0.413786
0.000000
0.000000
-0.969009
-0.000117
0.247024
0.748125
-0.237587
-0.456377
0.000000
0.000000
-0.813549
-0.336694
-0.474105
0.805763
-0.327002
-0.413876
0.000000
0.000000
-0.575632
-0.575798
0.580607
0.805763
0.049020
-0.413697
0.000000
0.000000
-0.547414
0.547010
0.633339
0.748125
-0.240742
-0.413835
0.000000
0.000000
-0.512039
-0.212448
0.832275
0.892025
-0.384640
-0.413903
0.000000
0.000000
-0.215809
-0.521303
0.825633
0.892025
0.106657
-0.413670
0.000000
0.000000
-0.202772
0.489040
0.848365
0.805763
-0.327002
-0.413876
0.000000
0.000000
-0.575632
-0.575798
0.580607
0.892025
-0.384640
-0.413903
0.000000
0.000000
-0.215809
-0.521303
0.825633
0.805763
-0.327002
-0.413876
0.000000
0.000000
-0.575632
-0.575798
0.580607
0.892025
-0.381484
-0.456445
0.000000
0.000000
-0.293865
-0.709014
-0.641048
0.993778
-0.404879
-0.413913
0.000000
0.000000
-0.000000
-0.822201
0.569198
0.993778
0.126897
-0.413660
0.000000
0.000000
0.000000
0.765253
0.643730
0.892025
-0.384640
-0.413903
0.000000
0.000000
-0.215809
-0.521303
0.825633
1.095531
-0.384640
-0.413903
0.000000
0.000000
0.215809
-0.521303
0.825633
1.095531
0.106657
-0.413670
0.000000
0.000000
0.202772
0.489040
0.848365
0.993778
-0.404879
-0.413913
0.000000
0.000000
-0.000000
-0.822201
0.569198
1.095531
-0.384640
-0.413903
0.000000
0.000000
0.215809
-0.521303
0.825633
0.993778
-0.404879
-0.413913
0.000000
0.000000
-0.000000
-0.822201
0.569198
1.095531
-0.381484
-0.456445
0.000000
0.000000
0.293865
-0.709014
-0.641048
1.181793
-0.327002
-0.413876
0.000000
0.000000
0.575632
-0.575798
0.580607
1.181793
0.049020
-0.413697
0.000000
0.000000
0.547414
0.547010
0.633339
1.095531
-0.384640
-0.413903
0.000000
0.000000
0.215809
-0.521303
0.825633
1.239431
-0.240742
-0.413835
0.000000
0.000000
0.655960
-0.271990
0.704087
1.239431
-0.037240
-0.413738
0.000000
0.000000
0.498984
0.206247
0.841711
1.181793
-0.327002
-0.413876
0.000000
0.000000
0.575632
-0.575798
0.580607
1.239431
-0.240742
-0.413835
0.000000
0.000000
0.655960
-0.271990
0.704087
1.181793
-0.327002
-0.413876
0.000000
0.000000
0.575632
-0.575798
0.580607
1.239431
-0.237587
-0.456377
0.000000
0.000000
0.723825
-0.299466
-0.621609
1.259671
-0.135835
0.417447
0.000000
0.000000
0.890890
0.000216
-0.454219
1.239431
-0.237587
0.417398
0.000000
0.000000
0.723825
-0.299466
-0.621609
1.239431
-0.034084
0.417495
0.000000
0.000000
0.832325
0.344901
-0.433912
1.259671
-0.135835
0.417447
0.000000
0.000000
0.890890
0.000216
-0.454219
1.259671
-0.138991
0.459989
0.000000
0.000000
0.969009
-0.000117
0.247024
1.239431
-0.237587
0.417398
0.000000
0.000000
0.723825
-0.299466
-0.621609
1.239431
-0.034084
0.417495
0.000000
0.000000
0.832325
0.344901
-0.433912
1.239431
-0.237587
0.417398
0.000000
0.000000
0.723825
-0.299466
-0.621609
1.181793
0.052176
0.417536
0.000000
0.000000
0.396035
0.396354
-0.828287
1.239431
-0.034084
0.417495
0.000000
0.000000
0.832325
0.344901
-0.433912
1.259671
-0.138991
0.459989
0.000000
0.000000
0.969009
-0.000117
0.247024
1.259671
-0.135835
0.417447
0.000000
0.000000
0.890890
0.000216
-0.454219
1.239431
-0.034084
0.417495
0.000000
0.000000
0.832325
0.344901
-0.433912
1.181793
0.049020
0.460078
0.000000
0.000000
0.547414
0.547010
0.633339
1.239431
-0.037240
0.460037
0.000000
0.000000
0.498984
0.206247
0.841711
1.181793
0.052176
0.417536
0.000000
0.000000
0.396035
0.396354
-0.828287
1.181793
-0.323847
0.417357
0.000000
0.000000
0.377586
-0.377112
-0.845704
1.095531
0.109813
0.417563
0.000000
0.000000
0.313805
0.757720
-0.572178
1.181793
0.052176
0.417536
0.000000
0.000000
0.396035
0.396354
-0.828287
1.181793
0.049020
0.460078
0.000000
0.000000
0.547414
0.547010
0.633339
1.239431
-0.034084
0.417495
0.000000
0.000000
0.832325
0.344901
-0.433912
1.095531
0.109813
0.417563
0.000000
0.000000
0.313805
0.757720
-0.572178
1.095531
-0.381484
0.417330
0.000000
0.000000
0.293865
-0.709014
-0.641048
0.993778
0.130053
0.417573
0.000000
0.000000
0.000000
0.565566
-0.824703
1.095531
0.109813
0.417563
0.000000
0.000000
0.313805
0.757720
-0.572178
1.181793
0.049020
0.460078
0.000000
0.000000
0.547414
0.547010
0.633339
1.181793
0.052176
0.417536
0.000000
0.000000
0.396035
0.396354
-0.828287
1.095531
0.109813
0.417563
0.000000
0.000000
0.313805
0.757720
-0.572178
0.993778
0.126897
0.460115
0.000000
0.000000
-0.000000
0.765253
0.643730
1.095531
0.106657
0.460105
0.000000
0.000000
0.202772
0.489040
0.848365
0.993778
0.130053
0.417573
0.000000
0.000000
0.000000
0.565566
-0.824703
0.993778
-0.401724
0.417320
0.000000
0.000000
-0.000000
-0.527915
-0.849297
0.892025
0.109813
0.417563
0.000000
0.000000
-0.313805
0.757720
-0.572178
0.993778
0.130053
0.417573
0.000000
0.000000
0.000000
0.565566
-0.824703
0.993778
0.126897
0.460115
0.000000
0.000000
-0.000000
0.765253
0.643730
1.095531
0.109813
0.417563
0.000000
0.000000
0.313805
0.757720
-0.572178
0.892025
0.109813
0.417563
0.000000
0.000000
-0.313805
0.757720
-0.572178
0.892025
-0.381484
0.417330
0.000000
0.000000
-0.293865
-0.709014
-0.641048
0.805763
0.052176
0.417536
0.000000
0.000000
-0.396035
0.396354
-0.828287
0.892025
0.109813
0.417563
0.000000
0.000000
-0.313805
0.757720
-0.572178
0.993778
0.126897
0.460115
0.000000
0.000000
-0.000000
0.765253
0.643730
0.993778
0.130053
0.417573
0.000000
0.000000
0.000000
0.565566
-0.824703
0.892025
0.109813
0.417563
0.000000
0.000000
-0.313805
0.757720
-0.572178
0.805763
0.049020
0.460078
0.000000
0.000000
-0.547414
0.547010
0.633339
0.892025
0.106657
0.460105
0.000000
0.000000
-0.202772
0.489040
0.848365
0.805763
0.052176
0.417536
0.000000
0.000000
-0.396035
0.396354
-0.828287
0.805763
-0.323847
0.417357
0.000000
0.000000
-0.377586
-0.377112
-0.845704
0.748125
-0.034084
0.417495
0.000000
0.000000
-0.743791
0.308311
-0.593059
0.805763
0.052176
0.417536
0.000000
0.000000
-0.396035
0.396354
-0.828287
0.805763
0.049020
0.460078
0.000000
0.000000
-0.547414
0.547010
0.633339
0.892025
0.109813
0.417563
0.000000
0.000000
-0.313805
0.757720
-0.572178
0.748125
-0.034084
0.417495
0.000000
0.000000
-0.743791
0.308311
-0.593059
0.748125
-0.237587
0.417398
0.000000
0.000000
-0.813549
-0.336694
-0.474105
0.727885
-0.135835
0.417447
0.000000
0.000000
-0.890890
0.000216
-0.454219
0.748125
-0.034084
0.417495
0.000000
0.000000
-0.743791
0.308311
-0.593059
0.805763
0.049020
0.460078
0.000000
0.000000
-0.547414
0.547010
0.633339
0.805763
0.052176
0.417536
0.000000
0.000000
-0.396035
0.396354
-0.828287
0.748125
-0.034084
0.417495
0.000000
0.000000
-0.743791
0.308311
-0.593059
0.727885
-0.138991
0.459989
0.000000
0.000000
-0.969009
-0.000117
0.247024
0.748125
-0.037240
0.460037
0.000000
0.000000
-0.637727
0.263761
0.723695
0.727885
-0.135835
0.417447
0.000000
0.000000
-0.890890
0.000216
-0.454219
0.727885
-0.138991
0.459989
0.000000
0.000000
-0.969009
-0.000117
0.247024
0.748125
-0.034084
0.417495
0.000000
0.000000
-0.743791
0.308311
-0.593059
0.748125
-0.237587
0.417398
0.000000
0.000000
-0.813549
-0.336694
-0.474105
0.748125
-0.034084
0.417495
0.000000
0.000000
-0.743791
0.308311
-0.593059
0.805763
-0.323847
0.417357
0.000000
0.000000
-0.377586
-0.377112
-0.845704
0.748125
-0.237587
0.417398
0.000000
0.000000
-0.813549
-0.336694
-0.474105
0.727885
-0.138991
0.459989
0.000000
0.000000
-0.969009
-0.000117
0.247024
0.727885
-0.135835
0.417447
0.000000
0.000000
-0.890890
0.000216
-0.454219
0.748125
-0.237587
0.417398
0.000000
0.000000
-0.813549
-0.336694
-0.474105
0.805763
-0.327002
0.459900
0.000000
0.000000
-0.575632
-0.575798
0.580607
0.748125
-0.240742
0.459940
0.000000
0.000000
-0.512039
-0.212448
0.832275
0.805763
-0.323847
0.417357
0.000000
0.000000
-0.377586
-0.377112
-0.845704
0.805763
0.052176
0.417536
0.000000
0.000000
-0.396035
0.396354
-0.828287
0.892025
-0.381484
0.417330
0.000000
0.000000
-0.293865
-0.709014
-0.641048
0.805763
-0.323847
0.417357
0.000000
0.000000
-0.377586
-0.377112
-0.845704
0.805763
-0.327002
0.459900
0.000000
0.000000
-0.575632
-0.575798
0.580607
0.748125
-0.237587
0.417398
0.000000
0.000000
-0.813549
-0.336694
-0.474105
0.892025
-0.381484
0.417330
0.000000
0.000000
-0.293865
-0.709014
-0.641048
0.892025
0.109813
0.417563
0.000000
0.000000
-0.313805
0.757720
-0.572178
0.993778
-0.401724
0.417320
0.000000
0.000000
-0.000000
-0.527915
-0.849297
0.892025
-0.381484
0.417330
0.000000
0.000000
-0.293865
-0.709014
-0.641048
0.805763
-0.327002
0.459900
0.000000
0.000000
-0.575632
-0.575798
0.580607
0.805763
-0.323847
0.417357
0.000000
0.000000
-0.377586
-0.377112
-0.845704
0.892025
-0.381484
0.417330
0.000000
0.000000
-0.293865
-0.709014
-0.641048
0.993778
-0.404879
0.459863
0.000000
0.000000
-0.000000
-0.822201
0.569198
0.892025
-0.384640
0.459872
0.000000
0.000000
-0.215809
-0.521303
0.825633
0.993778
-0.401724
0.417320
0.000000
0.000000
-0.000000
-0.527915
-0.849297
0.993778
0.130053
0.417573
0.000000
0.000000
0.000000
0.565566
-0.824703
1.095531
-0.381484
0.417330
0.000000
0.000000
0.293865
-0.709014
-0.641048
0.993778
-0.401724
0.417320
0.000000
0.000000
-0.000000
-0.527915
-0.849297
0.993778
-0.404879
0.459863
0.000000
0.000000
-0.000000
-0.822201
0.569198
0.892025
-0.381484
0.417330
0.000000
0.000000
-0.293865
-0.709014
-0.641048
1.095531
-0.381484
0.417330
0.000000
0.000000
0.293865
-0.709014
-0.641048
1.095531
0.109813
0.417563
0.000000
0.000000
0.313805
0.757720
-0.572178
1.181793
-0.323847
0.417357
0.000000
0.000000
0.377586
-0.377112
-0.845704
1.095531
-0.381484
0.417330
0.000000
0.000000
0.293865
-0.709014
-0.641048
0.993778
-0.404879
0.459863
0.000000
0.000000
-0.000000
-0.822201
0.569198
0.993778
-0.401724
0.417320
0.000000
0.000000
-0.000000
-0.527915
-0.849297
1.095531
-0.381484
0.417330
0.000000
0.000000
0.293865
-0.709014
-0.641048
1.181793
-0.327002
0.459900
0.000000
0.000000
0.575632
-0.575798
0.580607
1.095531
-0.384640
0.459872
0.000000
0.000000
0.215809
-0.521303
0.825633
1.181793
-0.323847
0.417357
0.000000
0.000000
0.377586
-0.377112
-0.845704
1.181793
0.052176
0.417536
0.000000
0.000000
0.396035
0.396354
-0.828287
1.239431
-0.237587
0.417398
0.000000
0.000000
0.723825
-0.299466
-0.621609
1.181793
-0.323847
0.417357
0.000000
0.000000
0.377586
-0.377112
-0.845704
1.181793
-0.327002
0.459900
0.000000
0.000000
0.575632
-0.575798
0.580607
1.095531
-0.381484
0.417330
0.000000
0.000000
0.293865
-0.709014
-0.641048
1.239431
-0.237587
0.417398
0.000000
0.000000
0.723825
-0.299466
-0.621609
1.259671
-0.138991
0.459989
0.000000
0.000000
0.969009
-0.000117
0.247024
1.239431
-0.240742
0.459940
0.000000
0.000000
0.655960
-0.271990
0.704087
1.239431
-0.237587
0.417398
0.000000
0.000000
0.723825
-0.299466
-0.621609
1.181793
-0.327002
0.459900
0.000000
0.000000
0.575632
-0.575798
0.580607
1.181793
-0.323847
0.417357
0.000000
0.000000
0.377586
-0.377112
-0.845704
1.239431
-0.037240
0.460037
0.000000
0.000000
0.498984
0.206247
0.841711
1.259671
-0.138991
0.459989
0.000000
0.000000
0.969009
-0.000117
0.247024
1.239431
-0.034084
0.417495
0.000000
0.000000
0.832325
0.344901
-0.433912
1.239431
-0.037240
0.460037
0.000000
0.000000
0.498984
0.206247
0.841711
1.239431
-0.240742
0.459940
0.000000
0.000000
0.655960
-0.271990
0.704087
1.259671
-0.138991
0.459989
0.000000
0.000000
0.969009
-0.000117
0.247024
1.181793
0.049020
0.460078
0.000000
0.000000
0.547414
0.547010
0.633339
1.181793
-0.327002
0.459900
0.000000
0.000000
0.575632
-0.575798
0.580607
1.239431
-0.037240
0.460037
0.000000
0.000000
0.498984
0.206247
0.841711
1.095531
0.106657
0.460105
0.000000
0.000000
0.202772
0.489040
0.848365
1.181793
0.049020
0.460078
0.000000
0.000000
0.547414
0.547010
0.633339
1.095531
0.109813
0.417563
0.000000
0.000000
0.313805
0.757720
-0.572178
1.095531
0.106657
0.460105
0.000000
0.000000
0.202772
0.489040
0.848365
1.095531
-0.384640
0.459872
0.000000
0.000000
0.215809
-0.521303
0.825633
1.181793
0.049020
0.460078
0.000000
0.000000
0.547414
0.547010
0.633339
0.993778
0.126897
0.460115
0.000000
0.000000
-0.000000
0.765253
0.643730
0.993778
-0.404879
0.459863
0.000000
0.000000
-0.000000
-0.822201
0.569198
1.095531
0.106657
0.460105
0.000000
0.000000
0.202772
0.489040
0.848365
0.892025
0.106657
0.460105
0.000000
0.000000
-0.202772
0.489040
0.848365
0.993778
0.126897
0.460115
0.000000
0.000000
-0.000000
0.765253
0.643730
0.892025
0.109813
0.417563
0.000000
0.000000
-0.313805
0.757720
-0.572178
0.892025
0.106657
0.460105
0.000000
0.000000
-0.202772
0.489040
0.848365
0.892025
-0.384640
0.459872
0.000000
0.000000
-0.215809
-0.521303
0.825633
0.993778
0.126897
0.460115
0.000000
0.000000
-0.000000
0.765253
0.643730
0.805763
0.049020
0.460078
0.000000
0.000000
-0.547414
0.547010
0.633339
0.805763
-0.327002
0.459900
0.000000
0.000000
-0.575632
-0.575798
0.580607
0.892025
0.106657
0.460105
0.000000
0.000000
-0.202772
0.489040
0.848365
0.748125
-0.037240
0.460037
0.000000
0.000000
-0.637727
0.263761
0.723695
0.805763
0.049020
0.460078
0.000000
0.000000
-0.547414
0.547010
0.633339
0.748125
-0.034084
0.417495
0.000000
0.000000
-0.743791
0.308311
-0.593059
0.748125
-0.037240
0.460037
0.000000
0.000000
-0.637727
0.263761
0.723695
0.748125
-0.240742
0.459940
0.000000
0.000000
-0.512039
-0.212448
0.832275
0.805763
0.049020
0.460078
0.000000
0.000000
-0.547414
0.547010
0.633339
0.727885
-0.138991
0.459989
0.000000
0.000000
-0.969009
-0.000117
0.247024
0.748125
-0.240742
0.459940
0.000000
0.000000
-0.512039
-0.212448
0.832275
0.748125
-0.037240
0.460037
0.000000
0.000000
-0.637727
0.263761
0.723695
0.748125
-0.240742
0.459940
0.000000
0.000000
-0.512039
-0.212448
0.832275
0.727885
-0.138991
0.459989
0.000000
0.000000
-0.969009
-0.000117
0.247024
0.748125
-0.237587
0.417398
0.000000
0.000000
-0.813549
-0.336694
-0.474105
0.805763
-0.327002
0.459900
0.000000
0.000000
-0.575632
-0.575798
0.580607
0.805763
0.049020
0.460078
0.000000
0.000000
-0.547414
0.547010
0.633339
0.748125
-0.240742
0.459940
0.000000
0.000000
-0.512039
-0.212448
0.832275
0.892025
-0.384640
0.459872
0.000000
0.000000
-0.215809
-0.521303
0.825633
0.892025
0.106657
0.460105
0.000000
0.000000
-0.202772
0.489040
0.848365
0.805763
-0.327002
0.459900
0.000000
0.000000
-0.575632
-0.575798
0.580607
0.892025
-0.384640
0.459872
0.000000
0.000000
-0.215809
-0.521303
0.825633
0.805763
-0.327002
0.459900
0.000000
0.000000
-0.575632
-0.575798
0.580607
0.892025
-0.381484
0.417330
0.000000
0.000000
-0.293865
-0.709014
-0.641048
0.993778
-0.404879
0.459863
0.000000
0.000000
-0.000000
-0.822201
0.569198
0.993778
0.126897
0.460115
0.000000
0.000000
-0.000000
0.765253
0.643730
0.892025
-0.384640
0.459872
0.000000
0.000000
-0.215809
-0.521303
0.825633
1.095531
-0.384640
0.459872
0.000000
0.000000
0.215809
-0.521303
0.825633
1.095531
0.106657
0.460105
0.000000
0.000000
0.202772
0.489040
0.848365
0.993778
-0.404879
0.459863
0.000000
0.000000
-0.000000
-0.822201
0.569198
1.095531
-0.384640
0.459872
0.000000
0.000000
0.215809
-0.521303
0.825633
0.993778
-0.404879
0.459863
0.000000
0.000000
-0.000000
-0.822201
0.569198
1.095531
-0.381484
0.417330
0.000000
0.000000
0.293865
-0.709014
-0.641048
1.181793
-0.327002
0.459900
0.000000
0.000000
0.575632
-0.575798
0.580607
1.181793
0.049020
0.460078
0.000000
0.000000
0.547414
0.547010
0.633339
1.095531
-0.384640
0.459872
0.000000
0.000000
0.215809
-0.521303
0.825633
1.239431
-0.240742
0.459940
0.000000
0.000000
0.655960
-0.271990
0.704087
1.239431
-0.037240
0.460037
0.000000
0.000000
0.498984
0.206247
0.841711
1.181793
-0.327002
0.459900
0.000000
0.000000
0.575632
-0.575798
0.580607
1.239431
-0.240742
0.459940
0.000000
0.000000
0.655960
-0.271990
0.704087
1.181793
-0.327002
0.459900
0.000000
0.000000
0.575632
-0.575798
0.580607
1.239431
-0.237587
0.417398
0.000000
0.000000
0.723825
-0.299466
-0.621609
0.455107
0.029442
0.403501
0.000000
0.000000
0.890890
0.000216
-0.454219
0.421597
-0.139020
0.403421
0.000000
0.000000
0.723825
-0.299466
-0.621609
0.421597
0.197904
0.403581
0.000000
0.000000
0.832325
0.344901
-0.433912
0.455107
0.029442
0.403501
0.000000
0.000000
0.890890
0.000216
-0.454219
0.455107
0.024218
0.473935
0.000000
0.000000
0.969009
-0.000117
0.247024
0.421597
-0.139020
0.403421
0.000000
0.000000
0.723825
-0.299466
-0.621609
0.421597
0.197904
0.403581
0.000000
0.000000
0.832325
0.344901
-0.433912
0.421597
-0.139020
0.403421
0.000000
0.000000
0.723825
-0.299466
-0.621609
0.326170
0.340719
0.403649
0.000000
0.000000
0.396035
0.396354
-0.828287
0.421597
0.197904
0.403581
0.000000
0.000000
0.832325
0.344901
-0.433912
0.455107
0.024218
0.473935
0.000000
0.000000
0.969009
-0.000117
0.247024
0.455107
0.029442
0.403501
0.000000
0.000000
0.890890
0.000216
-0.454219
0.421597
0.197904
0.403581
0.000000
0.000000
0.832325
0.344901
-0.433912
0.326170
0.335495
0.474082
0.000000
0.000000
0.547414
0.547010
0.633339
0.421597
0.192680
0.474015
0.000000
0.000000
0.498984
0.206247
0.841711
0.326170
0.340719
0.403649
0.000000
0.000000
0.396035
0.396354
-0.828287
0.326170
-0.281835
0.403353
0.000000
0.000000
0.377586
-0.377112
-0.845704
0.183352
0.436146
0.403694
0.000000
0.000000
0.313805
0.757720
-0.572178
0.326170
0.340719
0.403649
0.000000
0.000000
0.396035
0.396354
-0.828287
0.326170
0.335495
0.474082
0.000000
0.000000
0.547414
0.547010
0.633339
0.421597
0.197904
0.403581
0.000000
0.000000
0.832325
0.344901
-0.433912
0.183352
0.436146
0.403694
0.000000
0.000000
0.313805
0.757720
-0.572178
0.183352
-0.377261
0.403308
0.000000
0.000000
0.293865
-0.709014
-0.641048
0.014887
0.469655
0.403710
0.000000
0.000000
0.000000
0.565566
-0.824703
0.183352
0.436146
0.403694
0.000000
0.000000
0.313805
0.757720
-0.572178
0.326170
0.335495
0.474082
0.000000
0.000000
0.547414
0.547010
0.633339
0.326170
0.340719
0.403649
0.000000
0.000000
0.396035
0.396354
-0.828287
0.183352
0.436146
0.403694
0.000000
0.000000
0.313805
0.757720
-0.572178
0.014887
0.464430
0.474144
0.000000
0.000000
-0.000000
0.765253
0.643730
0.183352
0.430921
0.474128
0.000000
0.000000
0.202772
0.489040
0.848365
0.014887
0.469655
0.403710
0.000000
0.000000
0.000000
0.565566
-0.824703
0.014887
-0.410770
0.403292
0.000000
0.000000
-0.000000
-0.527915
-0.849297
-0.153578
0.436146
0.403694
0.000000
0.000000
-0.313805
0.757720
-0.572178
0.014887
0.469655
0.403710
0.000000
0.000000
0.000000
0.565566
-0.824703
0.014887
0.464430
0.474144
0.000000
0.000000
-0.000000
0.765253
0.643730
0.183352
0.436146
0.403694
0.000000
0.000000
0.313805
0.757720
-0.572178
-0.153578
0.436146
0.403694
0.000000
0.000000
-0.313805
0.757720
-0.572178
-0.153578
-0.377261
0.403308
0.000000
0.000000
-0.293865
-0.709014
-0.641048
-0.296396
0.340719
0.403649
0.000000
0.000000
-0.396035
0.396354
-0.828287
-0.153578
0.436146
0.403694
0.000000
0.000000
-0.313805
0.757720
-0.572178
0.014887
0.464430
0.474144
0.000000
0.000000
-0.000000
0.765253
0.643730
0.014887
0.469655
0.403710
0.000000
0.000000
0.000000
0.565566
-0.824703
-0.153578
0.436146
0.403694
0.000000
0.000000
-0.313805
0.757720
-0.572178
-0.296396
0.335495
0.474082
0.000000
0.000000
-0.547414
0.547010
0.633339
-0.153578
0.430921
0.474128
0.000000
0.000000
-0.202772
0.489040
0.848365
-0.296396
0.340719
0.403649
0.000000
0.000000
-0.396035
0.396354
-0.828287
-0.296396
-0.281835
0.403353
0.000000
0.000000
-0.377586
-0.377112
-0.845704
-0.391823
0.197904
0.403581
0.000000
0.000000
-0.743791
0.308311
-0.593059
-0.296396
0.340719
0.403649
0.000000
0.000000
-0.396035
0.396354
-0.828287
-0.296396
0.335495
0.474082
0.000000
0.000000
-0.547414
0.547010
0.633339
-0.153578
0.436146
0.403694
0.000000
0.000000
-0.313805
0.757720
-0.572178
-0.391823
0.197904
0.403581
0.000000
0.000000
-0.743791
0.308311
-0.593059
-0.391823
-0.139020
0.403421
0.000000
0.000000
-0.813549
-0.336694
-0.474105
-0.425333
0.029442
0.403501
0.000000
0.000000
-0.890890
0.000216
-0.454219
-0.391823
0.197904
0.403581
0.000000
0.000000
-0.743791
0.308311
-0.593059
-0.296396
0.335495
0.474082
0.000000
0.000000
-0.547414
0.547010
0.633339
-0.296396
0.340719
0.403649
0.000000
0.000000
-0.396035
0.396354
-0.828287
-0.391823
0.197904
0.403581
0.000000
0.000000
-0.743791
0.308311
-0.593059
-0.425333
0.024218
0.473935
0.000000
0.000000
-0.969009
-0.000117
0.247024
-0.391823
0.192680
0.474015
0.000000
0.000000
-0.637727
0.263761
0.723695
-0.425333
0.029442
0.403501
0.000000
0.000000
-0.890890
0.000216
-0.454219
-0.425333
0.024218
0.473935
0.000000
0.000000
-0.969009
-0.000117
0.247024
-0.391823
0.197904
0.403581
0.000000
0.000000
-0.743791
0.308311
-0.593059
-0.391823
-0.139020
0.403421
0.000000
0.000000
-0.813549
-0.336694
-0.474105
-0.391823
0.197904
0.403581
0.000000
0.000000
-0.743791
0.308311
-0.593059
-0.296396
-0.281835
0.403353
0.000000
0.000000
-0.377586
-0.377112
-0.845704
-0.391823
-0.139020
0.403421
0.000000
0.000000
-0.813549
-0.336694
-0.474105
-0.425333
0.024218
0.473935
0.000000
0.000000
-0.969009
-0.000117
0.247024
-0.425333
0.029442
0.403501
0.000000
0.000000
-0.890890
0.000216
-0.454219
-0.391823
-0.139020
0.403421
0.000000
0.000000
-0.813549
-0.336694
-0.474105
-0.296396
-0.287059
0.473787
0.000000
0.000000
-0.575632
-0.575798
0.580607
-0.391823
-0.144244
0.473855
0.000000
0.000000
-0.512039
-0.212448
0.832275
-0.296396
-0.281835
0.403353
0.000000
0.000000
-0.377586
-0.377112
-0.845704
-0.296396
0.340719
0.403649
0.000000
0.000000
-0.396035
0.396354
-0.828287
-0.153578
-0.377261
0.403308
0.000000
0.000000
-0.293865
-0.709014
-0.641048
-0.296396
-0.281835
0.403353
0.000000
0.000000
-0.377586
-0.377112
-0.845704
-0.296396
-0.287059
0.473787
0.000000
0.000000
-0.575632
-0.575798
0.580607
-0.391823
-0.139020
0.403421
0.000000
0.000000
-0.813549
-0.336694
-0.474105
-0.153578
-0.377261
0.403308
0.000000
0.000000
-0.293865
-0.709014
-0.641048
-0.153578
0.436146
0.403694
0.000000
0.000000
-0.313805
0.757720
-0.572178
0.014887
-0.410770
0.403292
0.000000
0.000000
-0.000000
-0.527915
-0.849297
-0.153578
-0.377261
0.403308
0.000000
0.000000
-0.293865
-0.709014
-0.641048
-0.296396
-0.287059
0.473787
0.000000
0.000000
-0.575632
-0.575798
0.580607
-0.296396
-0.281835
0.403353
0.000000
0.000000
-0.377586
-0.377112
-0.845704
-0.153578
-0.377261
0.403308
0.000000
0.000000
-0.293865
-0.709014
-0.641048
0.014887
-0.415994
0.473726
0.000000
0.000000
-0.000000
-0.822201
0.569198
-0.153578
-0.382485
0.473742
0.000000
0.000000
-0.215809
-0.521303
0.825633
0.014887
-0.410770
0.403292
0.000000
0.000000
-0.000000
-0.527915
-0.849297
0.014887
0.469655
0.403710
0.000000
0.000000
0.000000
0.565566
-0.824703
0.183352
-0.377261
0.403308
0.000000
0.000000
0.293865
-0.709014
-0.641048
0.014887
-0.410770
0.403292
0.000000
0.000000
-0.000000
-0.527915
-0.849297
0.014887
-0.415994
0.473726
0.000000
0.000000
-0.000000
-0.822201
0.569198
-0.153578
-0.377261
0.403308
0.000000
0.000000
-0.293865
-0.709014
-0.641048
0.183352
-0.377261
0.403308
0.000000
0.000000
0.293865
-0.709014
-0.641048
0.183352
0.436146
0.403694
0.000000
0.000000
0.313805
0.757720
-0.572178
0.326170
-0.281835
0.403353
0.000000
0.000000
0.377586
-0.377112
-0.845704
0.183352
-0.377261
0.403308
0.000000
0.000000
0.293865
-0.709014
-0.641048
0.014887
-0.415994
0.473726
0.000000
0.000000
-0.000000
-0.822201
0.569198
0.014887
-0.410770
0.403292
0.000000
0.000000
-0.000000
-0.527915
-0.849297
0.183352
-0.377261
0.403308
0.000000
0.000000
0.293865
-0.709014
-0.641048
0.326170
-0.287059
0.473787
0.000000
0.000000
0.575632
-0.575798
0.580607
0.183352
-0.382485
0.473742
0.000000
0.000000
0.215809
-0.521303
0.825633
0.326170
-0.281835
0.403353
0.000000
0.000000
0.377586
-0.377112
-0.845704
0.326170
0.340719
0.403649
0.000000
0.000000
0.396035
0.396354
-0.828287
0.421597
-0.139020
0.403421
0.000000
0.000000
0.723825
-0.299466
-0.621609
0.326170
-0.281835
0.403353
0.000000
0.000000
0.377586
-0.377112
-0.845704
0.326170
-0.287059
0.473787
0.000000
0.000000
0.575632
-0.575798
0.580607
0.183352
-0.377261
0.403308
0.000000
0.000000
0.293865
-0.709014
-0.641048
0.421597
-0.139020
0.403421
0.000000
0.000000
0.723825
-0.299466
-0.621609
0.455107
0.024218
0.473935
0.000000
0.000000
0.969009
-0.000117
0.247024
0.421597
-0.144244
0.473855
0.000000
0.000000
0.655960
-0.271990
0.704087
0.421597
-0.139020
0.403421
0.000000
0.000000
0.723825
-0.299466
-0.621609
0.326170
-0.287059
0.473787
0.000000
0.000000
0.575632
-0.575798
0.580607
0.326170
-0.281835
0.403353
0.000000
0.000000
0.377586
-0.377112
-0.845704
0.421597
0.192680
0.474015
0.000000
0.000000
0.498984
0.206247
0.841711
0.455107
0.024218
0.473935
0.000000
0.000000
0.969009
-0.000117
0.247024
0.421597
0.197904
0.403581
0.000000
0.000000
0.832325
0.344901
-0.433912
0.421597
0.192680
0.474015
0.000000
0.000000
0.498984
0.206247
0.841711
0.421597
-0.144244
0.473855
0.000000
0.000000
0.655960
-0.271990
0.704087
0.455107
0.024218
0.473935
0.000000
0.000000
0.969009
-0.000117
0.247024
0.326170
0.335495
0.474082
0.000000
0.000000
0.547414
0.547010
0.633339
0.326170
-0.287059
0.473787
0.000000
0.000000
0.575632
-0.575798
0.580607
0.421597
0.192680
0.474015
0.000000
0.000000
0.498984
0.206247
0.841711
0.183352
0.430921
0.474128
0.000000
0.000000
0.202772
0.489040
0.848365
0.326170
0.335495
0.474082
0.000000
0.000000
0.547414
0.547010
0.633339
0.183352
0.436146
0.403694
0.000000
0.000000
0.313805
0.757720
-0.572178
0.183352
0.430921
0.474128
0.000000
0.000000
0.202772
0.489040
0.848365
0.183352
-0.382485
0.473742
0.000000
0.000000
0.215809
-0.521303
0.825633
0.326170
0.335495
0.474082
0.000000
0.000000
0.547414
0.547010
0.633339
0.014887
0.464430
0.474144
0.000000
0.000000
-0.000000
0.765253
0.643730
0.014887
-0.415994
0.473726
0.000000
0.000000
-0.000000
-0.822201
0.569198
0.183352
0.430921
0.474128
0.000000
0.000000
0.202772
0.489040
0.848365
-0.153578
0.430921
0.474128
0.000000
0.000000
-0.202772
0.489040
0.848365
0.014887
0.464430
0.474144
0.000000
0.000000
-0.000000
0.765253
0.643730
-0.153578
0.436146
0.403694
0.000000
0.000000
-0.313805
0.757720
-0.572178
-0.153578
0.430921
0.474128
0.000000
0.000000
-0.202772
0.489040
0.848365
-0.153578
-0.382485
0.473742
0.000000
0.000000
-0.215809
-0.521303
0.825633
0.014887
0.464430
0.474144
0.000000
0.000000
-0.000000
0.765253
0.643730
-0.296396
0.335495
0.474082
0.000000
0.000000
-0.547414
0.547010
0.633339
-0.296396
-0.287059
0.473787
0.000000
0.000000
-0.575632
-0.575798
0.580607
-0.153578
0.430921
0.474128
0.000000
0.000000
-0.202772
0.489040
0.848365
-0.391823
0.192680
0.474015
0.000000
0.000000
-0.637727
0.263761
0.723695
-0.296396
0.335495
0.474082
0.000000
0.000000
-0.547414
0.547010
0.633339
-0.391823
0.197904
0.403581
0.000000
0.000000
-0.743791
0.308311
-0.593059
-0.391823
0.192680
0.474015
0.000000
0.000000
-0.637727
0.263761
0.723695
-0.391823
-0.144244
0.473855
0.000000
0.000000
-0.512039
-0.212448
0.832275
-0.296396
0.335495
0.474082
0.000000
0.000000
-0.547414
0.547010
0.633339
-0.425333
0.024218
0.473935
0.000000
0.000000
-0.969009
-0.000117
0.247024
-0.391823
-0.144244
0.473855
0.000000
0.000000
-0.512039
-0.212448
0.832275
-0.391823
0.192680
0.474015
0.000000
0.000000
-0.637727
0.263761
0.723695
-0.391823
-0.144244
0.473855
0.000000
0.000000
-0.512039
-0.212448
0.832275
-0.425333
0.024218
0.473935
0.000000
0.000000
-0.969009
-0.000117
0.247024
-0.391823
-0.139020
0.403421
0.000000
0.000000
-0.813549
-0.336694
-0.474105
-0.296396
-0.287059
0.473787
0.000000
0.000000
-0.575632
-0.575798
0.580607
-0.296396
0.335495
0.474082
0.000000
0.000000
-0.547414
0.547010
0.633339
-0.391823
-0.144244
0.473855
0.000000
0.000000
-0.512039
-0.212448
0.832275
-0.153578
-0.382485
0.473742
0.000000
0.000000
-0.215809
-0.521303
0.825633
-0.153578
0.430921
0.474128
0.000000
0.000000
-0.202772
0.489040
0.848365
-0.296396
-0.287059
0.473787
0.000000
0.000000
-0.575632
-0.575798
0.580607
-0.153578
-0.382485
0.473742
0.000000
0.000000
-0.215809
-0.521303
0.825633
-0.296396
-0.287059
0.473787
0.000000
0.000000
-0.575632
-0.575798
0.580607
-0.153578
-0.377261
0.403308
0.000000
0.000000
-0.293865
-0.709014
-0.641048
0.014887
-0.415994
0.473726
0.000000
0.000000
-0.000000
-0.822201
0.569198
0.014887
0.464430
0.474144
0.000000
0.000000
-0.000000
0.765253
0.643730
-0.153578
-0.382485
0.473742
0.000000
0.000000
-0.215809
-0.521303
0.825633
0.183352
-0.382485
0.473742
0.000000
0.000000
0.215809
-0.521303
0.825633
0.183352
0.430921
0.474128
0.000000
0.000000
0.202772
0.489040
0.848365
0.014887
-0.415994
0.473726
0.000000
0.000000
-0.000000
-0.822201
0.569198
0.183352
-0.382485
0.473742
0.000000
0.000000
0.215809
-0.521303
0.825633
0.014887
-0.415994
0.473726
0.000000
0.000000
-0.000000
-0.822201
0.569198
0.183352
-0.377261
0.403308
0.000000
0.000000
0.293865
-0.709014
-0.641048
0.326170
-0.287059
0.473787
0.000000
0.000000
0.575632
-0.575798
0.580607
0.326170
0.335495
0.474082
0.000000
0.000000
0.547414
0.547010
0.633339
0.183352
-0.382485
0.473742
0.000000
0.000000
0.215809
-0.521303
0.825633
0.421597
-0.144244
0.473855
0.000000
0.000000
0.655960
-0.271990
0.704087
0.421597
0.192680
0.474015
0.000000
0.000000
0.498984
0.206247
0.841711
0.326170
-0.287059
0.473787
0.000000
0.000000
0.575632
-0.575798
0.580607
0.421597
-0.144244
0.473855
0.000000
0.000000
0.655960
-0.271990
0.704087
0.326170
-0.287059
0.473787
0.000000
0.000000
0.575632
-0.575798
0.580607
0.421597
-0.139020
0.403421
0.000000
0.000000
0.723825
-0.299466
-0.621609
-0.106252
-0.166613
-0.422000
0.000000
0.000000
-0.408248
-0.408248
-0.816497
-0.106252
0.677387
0.422000
0.000000
0.000000
-0.800000
0.000000
0.600000
-0.106252
0.677387
-0.422000
0.000000
0.000000
-0.707107
0.000000
-0.707107
-0.106252
-0.166613
-0.422000
0.000000
0.000000
-0.408248
-0.408248
-0.816497
0.737748
-0.166613
0.422000
0.000000
0.000000
0.000000
-0.800000
0.600000
-0.106252
-0.166613
0.422000
0.000000
0.000000
-0.235702
-0.235702
0.942809
-0.106252
-0.166613
-0.422000
0.000000
0.000000
-0.408248
-0.408248
-0.816497
0.737748
0.255387
-0.422000
0.000000
0.000000
0.000000
0.000000
-1.000000
0.737748
-0.166613
-0.422000
0.000000
0.000000
0.000000
-0.707107
-0.707107
-0.106252
-0.166613
0.422000
0.000000
0.000000
-0.235702
-0.235702
0.942809
-0.106252
0.677387
0.422000
0.000000
0.000000
-0.800000
0.000000
0.600000
-0.106252
-0.166613
-0.422000
0.000000
0.000000
-0.408248
-0.408248
-0.816497
-0.106252
-0.166613
0.422000
0.000000
0.000000
-0.235702
-0.235702
0.942809
0.104748
0.677387
0.422000
0.000000
0.000000
-0.196116
0.000000
0.980581
-0.106252
0.677387
0.422000
0.000000
0.000000
-0.800000
0.000000
0.600000
-0.106252
0.677387
-0.422000
0.000000
0.000000
-0.707107
0.000000
-0.707107
0.104748
0.677387
-0.422000
0.000000
0.000000
-0.196116
0.000000
-0.980581
-0.106252
-0.166613
-0.422000
0.000000
0.000000
-0.408248
-0.408248
-0.816497
-0.106252
0.677387
-0.422000
0.000000
0.000000
-0.707107
0.000000
-0.707107
-0.106252
1.596498
-0.422000
0.000000
0.000000
-0.577350
0.577350
-0.577350
0.104748
0.677387
-0.422000
0.000000
0.000000
-0.196116
0.000000
-0.980581
-0.106252
0.677387
0.422000
0.000000
0.000000
-0.800000
0.000000
0.600000
-0.106252
1.596498
-0.422000
0.000000
0.000000
-0.577350
0.577350
-0.577350
-0.106252
0.677387
-0.422000
0.000000
0.000000
-0.707107
0.000000
-0.707107
0.737748
-0.166613
-0.422000
0.000000
0.000000
0.000000
-0.707107
-0.707107
0.737748
-0.166613
0.422000
0.000000
0.000000
0.000000
-0.800000
0.600000
-0.106252
-0.166613
-0.422000
0.000000
0.000000
-0.408248
-0.408248
-0.816497
0.737748
-0.166613
-0.422000
0.000000
0.000000
0.000000
-0.707107
-0.707107
1.800859
-0.166613
-0.422000
0.000000
0.000000
0.000000
-0.707107
-0.707107
0.737748
-0.166613
0.422000
0.000000
0.000000
0.000000
-0.800000
0.600000
0.737748
-0.166613
0.422000
0.000000
0.000000
0.000000
-0.800000
0.600000
0.737748
0.255387
0.422000
0.000000
0.000000
0.000000
0.000000
1.000000
-0.106252
-0.166613
0.422000
0.000000
0.000000
-0.235702
-0.235702
0.942809
0.737748
-0.166613
0.422000
0.000000
0.000000
0.000000
-0.800000
0.600000
1.800859
0.255387
0.422000
0.000000
0.000000
0.000000
0.800000
0.600000
0.737748
0.255387
0.422000
0.000000
0.000000
0.000000
0.000000
1.000000
0.737748
0.677387
-0.422000
0.000000
0.000000
0.000000
0.000000
-1.000000
0.315748
0.677387
-0.422000
0.000000
0.000000
0.000000
0.000000
-1.000000
0.737748
0.963083
-0.422000
0.000000
0.000000
0.000000
0.707107
-0.707107
0.737748
0.677387
-0.422000
0.000000
0.000000
0.000000
0.000000
-1.000000
1.069524
0.677387
-0.422000
0.000000
0.000000
0.600000
0.000000
-0.800000
0.737748
0.255387
-0.422000
0.000000
0.000000
0.000000
0.000000
-1.000000
0.737748
0.677387
0.422000
0.000000
0.000000
0.000000
0.000000
1.000000
0.315748
0.677387
0.422000
0.000000
0.000000
0.000000
0.000000
1.000000
0.737748
0.255387
0.422000
0.000000
0.000000
0.000000
0.000000
1.000000
0.737748
0.677387
0.422000
0.000000
0.000000
0.000000
0.000000
1.000000
0.315748
0.926219
0.422000
0.000000
0.000000
0.000000
0.707107
0.707107
0.315748
0.677387
0.422000
0.000000
0.000000
0.000000
0.000000
1.000000
0.737748
0.677387
0.422000
0.000000
0.000000
0.000000
0.000000
1.000000
0.779220
0.926219
0.422000
0.000000
0.000000
-0.106060
0.731706
0.673319
0.737748
0.926219
0.422000
0.000000
0.000000
0.000000
0.707107
0.707107
0.737748
0.255387
0.422000
0.000000
0.000000
0.000000
0.000000
1.000000
1.800859
0.255387
0.422000
0.000000
0.000000
0.000000
0.800000
0.600000
0.737748
0.255387
-0.422000
0.000000
0.000000
0.000000
0.000000
-1.000000
0.737748
0.255387
0.422000
0.000000
0.000000
0.000000
0.000000
1.000000
0.315748
0.677387
0.422000
0.000000
0.000000
0.000000
0.000000
1.000000
-0.106252
-0.166613
0.422000
0.000000
0.000000
-0.235702
-0.235702
0.942809
0.737748
0.255387
0.422000
0.000000
0.000000
0.000000
0.000000
1.000000
1.069524
0.255387
0.422000
0.000000
0.000000
0.816497
-0.408248
0.408248
0.737748
0.677387
0.422000
0.000000
0.000000
0.000000
0.000000
1.000000
0.737748
0.255387
-0.422000
0.000000
0.000000
0.000000
0.000000
-1.000000
-0.106252
-0.166613
-0.422000
0.000000
0.000000
-0.408248
-0.408248
-0.816497
0.315748
0.677387
-0.422000
0.000000
0.000000
0.000000
0.000000
-1.000000
0.737748
0.255387
-0.422000
0.000000
0.000000
0.000000
0.000000
-1.000000
1.800859
-0.166613
-0.422000
0.000000
0.000000
0.000000
-0.707107
-0.707107
0.737748
-0.166613
-0.422000
0.000000
0.000000
0.000000
-0.707107
-0.707107
0.737748
0.255387
-0.422000
0.000000
0.000000
0.000000
0.000000
-1.000000
0.315748
0.677387
-0.422000
0.000000
0.000000
0.000000
0.000000
-1.000000
0.737748
0.677387
-0.422000
0.000000
0.000000
0.000000
0.000000
-1.000000
0.737748
0.255387
-0.422000
0.000000
0.000000
0.000000
0.000000
-1.000000
1.069524
0.255387
0.422000
0.000000
0.000000
0.816497
-0.408248
0.408248
0.737748
0.255387
0.422000
0.000000
0.000000
0.000000
0.000000
1.000000
1.800859
0.255387
-0.422000
0.000000
0.000000
0.000000
0.707107
-0.707107
0.737748
0.255387
-0.422000
0.000000
0.000000
0.000000
0.000000
-1.000000
1.800859
0.255387
0.422000
0.000000
0.000000
0.000000
0.800000
0.600000
1.800859
0.255387
-0.422000
0.000000
0.000000
0.000000
0.707107
-0.707107
1.800859
-0.166613
-0.422000
0.000000
0.000000
0.000000
-0.707107
-0.707107
0.737748
0.255387
-0.422000
0.000000
0.000000
0.000000
0.000000
-1.000000
1.800859
0.255387
-0.422000
0.000000
0.000000
0.000000
0.707107
-0.707107
2.014363
0.255387
-0.422000
0.000000
0.000000
0.000000
0.800000
-0.600000
1.800859
-0.166613
-0.422000
0.000000
0.000000
0.000000
-0.707107
-0.707107
1.800859
0.255387
0.422000
0.000000
0.000000
0.000000
0.800000
0.600000
0.737748
-0.166613
0.422000
0.000000
0.000000
0.000000
-0.800000
0.600000
1.800859
-0.166613
0.422000
0.000000
0.000000
0.000000
-0.554700
0.832050
1.800859
0.255387
0.422000
0.000000
0.000000
0.000000
0.800000
0.600000
2.014363
0.255387
-0.422000
0.000000
0.000000
0.000000
0.800000
-0.600000
1.800859
0.255387
-0.422000
0.000000
0.000000
0.000000
0.707107
-0.707107
1.800859
-0.166613
0.422000
0.000000
0.000000
0.000000
-0.554700
0.832050
0.737748
-0.166613
0.422000
0.000000
0.000000
0.000000
-0.800000
0.600000
1.800859
-0.166613
-0.422000
0.000000
0.000000
0.000000
-0.707107
-0.707107
1.800859
-0.166613
0.422000
0.000000
0.000000
0.000000
-0.554700
0.832050
2.014363
0.255387
0.422000
0.000000
0.000000
0.000000
0.554700
0.832050
1.800859
0.255387
0.422000
0.000000
0.000000
0.000000
0.800000
0.600000
1.800859
-0.166613
-0.422000
0.000000
0.000000
0.000000
-0.707107
-0.707107
2.227867
-0.166613
0.422000
0.000000
0.000000
0.485071
-0.485071
0.727607
1.800859
-0.166613
0.422000
0.000000
0.000000
0.000000
-0.554700
0.832050
1.800859
-0.166613
-0.422000
0.000000
0.000000
0.000000
-0.707107
-0.707107
2.014363
0.255387
-0.422000
0.000000
0.000000
0.000000
0.800000
-0.600000
2.227867
-0.166613
-0.422000
0.000000
0.000000
0.301511
-0.301511
-0.904534
0.315748
0.677387
0.422000
0.000000
0.000000
0.000000
0.000000
1.000000
0.315748
0.926219
0.422000
0.000000
0.000000
0.000000
0.707107
0.707107
0.104748
0.677387
0.422000
0.000000
0.000000
-0.196116
0.000000
0.980581
0.315748
0.677387
-0.422000
0.000000
0.000000
0.000000
0.000000
-1.000000
-0.106252
-0.166613
-0.422000
0.000000
0.000000
-0.408248
-0.408248
-0.816497
0.104748
0.677387
-0.422000
0.000000
0.000000
-0.196116
0.000000
-0.980581
0.315748
0.677387
-0.422000
0.000000
0.000000
0.000000
0.000000
-1.000000
0.104748
0.963083
-0.422000
0.000000
0.000000
-0.333333
0.666667
-0.666667
0.315748
0.963083
-0.422000
0.000000
0.000000
0.000000
0.707107
-0.707107
0.104748
0.677387
0.422000
0.000000
0.000000
-0.196116
0.000000
0.980581
-0.106252
-0.166613
0.422000
0.000000
0.000000
-0.235702
-0.235702
0.942809
0.315748
0.677387
0.422000
0.000000
0.000000
0.000000
0.000000
1.000000
0.104748
0.677387
0.422000
0.000000
0.000000
-0.196116
0.000000
0.980581
0.104748
1.596498
0.422000
0.000000
0.000000
0.816497
0.408248
0.408248
-0.106252
0.677387
0.422000
0.000000
0.000000
-0.800000
0.000000
0.600000
0.104748
0.677387
0.422000
0.000000
0.000000
-0.196116
0.000000
0.980581
0.315748
0.926219
0.422000
0.000000
0.000000
0.000000
0.707107
0.707107
0.104748
0.926219
0.422000
0.000000
0.000000
-0.577350
0.577350
0.577350
0.104748
0.677387
0.422000
0.000000
0.000000
-0.196116
0.000000
0.980581
0.104748
0.926219
0.316500
0.000000
0.000000
-0.577350
0.577350
-0.577350
0.104748
0.677387
0.316500
0.000000
0.000000
0.577350
0.577350
-0.577350
0.104748
0.677387
-0.422000
0.000000
0.000000
-0.196116
0.000000
-0.980581
0.104748
0.963083
-0.422000
0.000000
0.000000
-0.333333
0.666667
-0.666667
0.315748
0.677387
-0.422000
0.000000
0.000000
0.000000
0.000000
-1.000000
0.104748
0.677387
-0.422000
0.000000
0.000000
-0.196116
0.000000
-0.980581
0.104748
0.963083
-0.316500
0.000000
0.000000
-0.816497
0.408248
0.408248
0.104748
0.963083
-0.422000
0.000000
0.000000
-0.333333
0.666667
-0.666667
0.104748
1.596498
0.422000
0.000000
0.000000
0.816497
0.408248
0.408248
0.104748
0.677387
0.000000
0.000000
0.000000
0.832050
0.554700
0.000000
0.104748
1.596498
-0.422000
0.000000
0.000000
0.942809
0.235702
-0.235702
0.104748
1.596498
-0.422000
0.000000
0.000000
0.942809
0.235702
-0.235702
0.104748
0.677387
-0.422000
0.000000
0.000000
-0.196116
0.000000
-0.980581
-0.106252
1.596498
-0.422000
0.000000
0.000000
-0.577350
0.577350
-0.577350
0.104748
1.596498
-0.422000
0.000000
0.000000
0.942809
0.235702
-0.235702
-0.106252
1.596498
-0.422000
0.000000
0.000000
-0.577350
0.577350
-0.577350
0.104748
1.596498
0.422000
0.000000
0.000000
0.816497
0.408248
0.408248
0.104748
1.596498
-0.422000
0.000000
0.000000
0.942809
0.235702
-0.235702
0.104748
0.677387
-0.316500
0.000000
0.000000
0.333333
0.666667
0.666667
0.104748
0.677387
-0.422000
0.000000
0.000000
-0.196116
0.000000
-0.980581
-0.106252
1.596498
-0.422000
0.000000
0.000000
-0.577350
0.577350
-0.577350
-0.106252
0.677387
0.422000
0.000000
0.000000
-0.800000
0.000000
0.600000
-0.106252
1.596498
0.422000
0.000000
0.000000
-0.577350
0.577350
0.577350
-0.106252
1.596498
0.422000
0.000000
0.000000
-0.577350
0.577350
0.577350
-0.106252
0.677387
0.422000
0.000000
0.000000
-0.800000
0.000000
0.600000
0.104748
1.596498
0.422000
0.000000
0.000000
0.816497
0.408248
0.408248
-0.106252
1.596498
0.422000
0.000000
0.000000
-0.577350
0.577350
0.577350
0.104748
1.596498
0.422000
0.000000
0.000000
0.816497
0.408248
0.408248
-0.106252
1.596498
-0.422000
0.000000
0.000000
-0.577350
0.577350
-0.577350
1.069524
0.677387
-0.422000
0.000000
0.000000
0.600000
0.000000
-0.800000
1.069524
0.677387
-0.316500
0.000000
0.000000
0.904534
0.301511
0.301511
1.069524
0.255387
-0.422000
0.000000
0.000000
0.942809
-0.235702
-0.235702
1.069524
0.677387
-0.422000
0.000000
0.000000
0.600000
0.000000
-0.800000
0.737748
0.963083
-0.422000
0.000000
0.000000
0.000000
0.707107
-0.707107
1.069524
0.963083
-0.422000
0.000000
0.000000
0.577350
0.577350
-0.577350
1.069524
0.677387
-0.422000
0.000000
0.000000
0.600000
0.000000
-0.800000
1.069524
0.963083
-0.316500
0.000000
0.000000
0.577350
0.577350
0.577350
1.069524
0.677387
-0.316500
0.000000
0.000000
0.904534
0.301511
0.301511
1.069524
0.677387
0.422000
0.000000
0.000000
0.554700
0.000000
0.832050
0.737748
0.677387
0.422000
0.000000
0.000000
0.000000
0.000000
1.000000
1.069524
0.255387
0.422000
0.000000
0.000000
0.816497
-0.408248
0.408248
1.069524
0.677387
0.422000
0.000000
0.000000
0.554700
0.000000
0.832050
1.069524
0.255387
0.422000
0.000000
0.000000
0.816497
-0.408248
0.408248
1.069524
0.677387
0.316500
0.000000
0.000000
0.742781
0.371391
-0.557086
1.069524
0.677387
0.422000
0.000000
0.000000
0.554700
0.000000
0.832050
0.945108
0.926219
0.422000
0.000000
0.000000
0.214471
0.485261
0.847658
0.737748
0.677387
0.422000
0.000000
0.000000
0.000000
0.000000
1.000000
1.069524
0.255387
0.422000
0.000000
0.000000
0.816497
-0.408248
0.408248
0.737748
0.255387
-0.422000
0.000000
0.000000
0.000000
0.000000
-1.000000
1.069524
0.255387
-0.422000
0.000000
0.000000
0.942809
-0.235702
-0.235702
1.069524
0.255387
-0.422000
0.000000
0.000000
0.942809
-0.235702
-0.235702
0.737748
0.255387
-0.422000
0.000000
0.000000
0.000000
0.000000
-1.000000
1.069524
0.677387
-0.422000
0.000000
0.000000
0.600000
0.000000
-0.800000
1.069524
0.255387
-0.422000
0.000000
0.000000
0.942809
-0.235702
-0.235702
1.069524
0.677387
0.000000
0.000000
0.000000
0.600000
0.800000
0.000000
1.069524
0.255387
0.422000
0.000000
0.000000
0.816497
-0.408248
0.408248
2.227867
0.255387
-0.422000
0.000000
0.000000
0.800000
0.000000
-0.600000
2.227867
0.397928
0.422000
0.000000
0.000000
0.577350
0.577350
0.577350
2.227867
0.255387
0.422000
0.000000
0.000000
0.707107
0.000000
0.707107
2.227867
0.255387
0.422000
0.000000
0.000000
0.707107
0.000000
0.707107
2.227867
-0.166613
0.422000
0.000000
0.000000
0.485071
-0.485071
0.727607
2.227867
0.255387
-0.422000
0.000000
0.000000
0.800000
0.000000
-0.600000
2.227867
0.255387
0.422000
0.000000
0.000000
0.707107
0.000000
0.707107
2.121115
0.255387
0.422000
0.000000
0.000000
-0.408248
0.408248
0.816497
2.227867
-0.166613
0.422000
0.000000
0.000000
0.485071
-0.485071
0.727607
2.227867
0.255387
0.422000
0.000000
0.000000
0.707107
0.000000
0.707107
2.227867
0.397928
0.422000
0.000000
0.000000
0.577350
0.577350
0.577350
2.121115
0.255387
0.422000
0.000000
0.000000
-0.408248
0.408248
0.816497
2.227867
-0.166613
0.422000
0.000000
0.000000
0.485071
-0.485071
0.727607
1.800859
-0.166613
-0.422000
0.000000
0.000000
0.000000
-0.707107
-0.707107
2.227867
-0.166613
-0.422000
0.000000
0.000000
0.301511
-0.301511
-0.904534
2.227867
-0.166613
0.422000
0.000000
0.000000
0.485071
-0.485071
0.727607
2.014363
0.255387
0.422000
0.000000
0.000000
0.000000
0.554700
0.832050
1.800859
-0.166613
0.422000
0.000000
0.000000
0.000000
-0.554700
0.832050
2.227867
-0.166613
-0.422000
0.000000
0.000000
0.301511
-0.301511
-0.904534
2.227867
0.255387
-0.422000
0.000000
0.000000
0.800000
0.000000
-0.600000
2.227867
-0.166613
0.422000
0.000000
0.000000
0.485071
-0.485071
0.727607
2.227867
-0.166613
-0.422000
0.000000
0.000000
0.301511
-0.301511
-0.904534
2.121115
0.255387
-0.422000
0.000000
0.000000
-0.301511
0.301511
-0.904534
2.227867
0.255387
-0.422000
0.000000
0.000000
0.800000
0.000000
-0.600000
1.069524
0.677387
0.000000
0.000000
0.000000
0.600000
0.800000
0.000000
1.069524
0.255387
-0.422000
0.000000
0.000000
0.942809
-0.235702
-0.235702
1.069524
0.677387
-0.211000
0.000000
0.000000
0.554700
0.832050
0.000000
1.069524
0.677387
0.000000
0.000000
0.000000
0.600000
0.800000
0.000000
0.737748
0.677387
0.211000
0.000000
0.000000
0.000000
1.000000
0.000000
1.069524
0.677387
0.211000
0.000000
0.000000
0.707107
0.707107
0.000000
1.069524
0.677387
0.000000
0.000000
0.000000
0.600000
0.800000
0.000000
0.737748
0.677387
-0.211000
0.000000
0.000000
0.000000
1.000000
0.000000
0.737748
0.677387
0.000000
0.000000
0.000000
0.000000
1.000000
0.000000
0.104748
0.677387
0.000000
0.000000
0.000000
0.832050
0.554700
0.000000
0.104748
1.596498
0.422000
0.000000
0.000000
0.816497
0.408248
0.408248
0.104748
0.677387
0.211000
0.000000
0.000000
0.447214
0.894427
0.000000
0.104748
0.677387
0.000000
0.000000
0.000000
0.832050
0.554700
0.000000
0.315748
0.677387
0.000000
0.000000
0.000000
0.000000
1.000000
0.000000
0.104748
0.677387
-0.211000
0.000000
0.000000
0.554700
0.832050
0.000000
0.104748
0.677387
0.000000
0.000000
0.000000
0.832050
0.554700
0.000000
0.104748
0.677387
0.211000
0.000000
0.000000
0.447214
0.894427
0.000000
0.315748
0.677387
0.000000
0.000000
0.000000
0.000000
1.000000
0.000000
0.315748
0.677387
0.000000
0.000000
0.000000
0.000000
1.000000
0.000000
0.104748
0.677387
0.211000
0.000000
0.000000
0.447214
0.894427
0.000000
0.315748
0.677387
0.211000
0.000000
0.000000
0.000000
1.000000
0.000000
0.315748
0.677387
0.000000
0.000000
0.000000
0.000000
1.000000
0.000000
0.737748
0.677387
-0.211000
0.000000
0.000000
0.000000
1.000000
0.000000
0.315748
0.677387
-0.211000
0.000000
0.000000
0.000000
1.000000
0.000000
0.737748
0.677387
0.000000
0.000000
0.000000
0.000000
1.000000
0.000000
0.315748
0.677387
0.000000
0.000000
0.000000
0.000000
1.000000
0.000000
0.737748
0.677387
0.211000
0.000000
0.000000
0.000000
1.000000
0.000000
0.737748
0.677387
0.000000
0.000000
0.000000
0.000000
1.000000
0.000000
0.737748
0.677387
-0.211000
0.000000
0.000000
0.000000
1.000000
0.000000
0.315748
0.677387
0.000000
0.000000
0.000000
0.000000
1.000000
0.000000
0.737748
0.677387
0.211000
0.000000
0.000000
0.000000
1.000000
0.000000
1.069524
0.677387
0.000000
0.000000
0.000000
0.600000
0.800000
0.000000
0.737748
0.677387
0.000000
0.000000
0.000000
0.000000
1.000000
0.000000
0.737748
0.677387
0.211000
0.000000
0.000000
0.000000
1.000000
0.000000
0.315748
0.677387
0.316500
0.000000
0.000000
0.000000
0.707107
-0.707107
0.737748
0.677387
0.316500
0.000000
0.000000
0.000000
0.447214
-0.894427
0.737748
0.677387
0.211000
0.000000
0.000000
0.000000
1.000000
0.000000
1.069524
0.677387
0.316500
0.000000
0.000000
0.742781
0.371391
-0.557086
1.069524
0.677387
0.211000
0.000000
0.000000
0.707107
0.707107
0.000000
0.315748
0.677387
0.211000
0.000000
0.000000
0.000000
1.000000
0.000000
0.737748
0.677387
0.211000
0.000000
0.000000
0.000000
1.000000
0.000000
0.315748
0.677387
0.000000
0.000000
0.000000
0.000000
1.000000
0.000000
0.315748
0.677387
0.211000
0.000000
0.000000
0.000000
1.000000
0.000000
0.104748
0.677387
0.211000
0.000000
0.000000
0.447214
0.894427
0.000000
0.315748
0.677387
0.316500
0.000000
0.000000
0.000000
0.707107
-0.707107
1.069524
0.677387
0.211000
0.000000
0.000000
0.707107
0.707107
0.000000
1.069524
0.255387
0.422000
0.000000
0.000000
0.816497
-0.408248
0.408248
1.069524
0.677387
0.000000
0.000000
0.000000
0.600000
0.800000
0.000000
0.104748
0.677387
0.211000
0.000000
0.000000
0.447214
0.894427
0.000000
0.104748
1.596498
0.422000
0.000000
0.000000
0.816497
0.408248
0.408248
0.104748
0.677387
0.316500
0.000000
0.000000
0.577350
0.577350
-0.577350
0.315748
0.677387
0.316500
0.000000
0.000000
0.000000
0.707107
-0.707107
0.737748
0.677387
0.211000
0.000000
0.000000
0.000000
1.000000
0.000000
0.315748
0.677387
0.211000
0.000000
0.000000
0.000000
1.000000
0.000000
0.315748
0.677387
0.316500
0.000000
0.000000
0.000000
0.707107
-0.707107
0.104748
0.926219
0.316500
0.000000
0.000000
-0.577350
0.577350
-0.577350
0.315748
0.926219
0.316500
0.000000
0.000000
0.000000
0.707107
-0.707107
0.737748
0.677387
0.316500
0.000000
0.000000
0.000000
0.447214
-0.894427
0.315748
0.677387
0.316500
0.000000
0.000000
0.000000
0.707107
-0.707107
0.737748
0.926219
0.316500
0.000000
0.000000
0.000000
0.857493
-0.514496
0.737748
0.677387
0.316500
0.000000
0.000000
0.000000
0.447214
-0.894427
1.069524
0.677387
0.316500
0.000000
0.000000
0.742781
0.371391
-0.557086
0.737748
0.677387
0.211000
0.000000
0.000000
0.000000
1.000000
0.000000
0.737748
0.677387
0.316500
0.000000
0.000000
0.000000
0.447214
-0.894427
0.862164
0.926219
0.316500
0.000000
0.000000
0.193868
0.096934
-0.976227
1.069524
0.677387
0.316500
0.000000
0.000000
0.742781
0.371391
-0.557086
1.069524
0.677387
0.316500
0.000000
0.000000
0.742781
0.371391
-0.557086
1.069524
0.255387
0.422000
0.000000
0.000000
0.816497
-0.408248
0.408248
1.069524
0.677387
0.211000
0.000000
0.000000
0.707107
0.707107
0.000000
1.069524
0.677387
0.316500
0.000000
0.000000
0.742781
0.371391
-0.557086
1.069524
0.926219
0.422000
0.000000
0.000000
0.666667
0.666667
0.333333
1.069524
0.677387
0.422000
0.000000
0.000000
0.554700
0.000000
0.832050
1.069524
0.677387
0.316500
0.000000
0.000000
0.742781
0.371391
-0.557086
0.945108
0.926219
0.316500
0.000000
0.000000
0.275692
0.803425
-0.527733
1.069524
0.926219
0.316500
0.000000
0.000000
0.577350
0.577350
-0.577350
0.104748
0.677387
0.316500
0.000000
0.000000
0.577350
0.577350
-0.577350
0.104748
1.596498
0.422000
0.000000
0.000000
0.816497
0.408248
0.408248
0.104748
0.677387
0.422000
0.000000
0.000000
-0.196116
0.000000
0.980581
0.104748
0.677387
0.316500
0.000000
0.000000
0.577350
0.577350
-0.577350
0.315748
0.677387
0.316500
0.000000
0.000000
0.000000
0.707107
-0.707107
0.104748
0.677387
0.211000
0.000000
0.000000
0.447214
0.894427
0.000000
0.104748
0.677387
0.316500
0.000000
0.000000
0.577350
0.577350
-0.577350
0.104748
0.926219
0.316500
0.000000
0.000000
-0.577350
0.577350
-0.577350
0.315748
0.677387
0.316500
0.000000
0.000000
0.000000
0.707107
-0.707107
0.737748
0.926219
0.422000
0.000000
0.000000
0.000000
0.707107
0.707107
0.315748
0.926219
0.422000
0.000000
0.000000
0.000000
0.707107
0.707107
0.737748
0.677387
0.422000
0.000000
0.000000
0.000000
0.000000
1.000000
0.737748
0.926219
0.422000
0.000000
0.000000
0.000000
0.707107
0.707107
0.779220
0.926219
0.422000
0.000000
0.000000
-0.106060
0.731706
0.673319
0.737748
0.926219
0.316500
0.000000
0.000000
0.000000
0.857493
-0.514496
0.315748
0.926219
0.422000
0.000000
0.000000
0.000000
0.707107
0.707107
0.737748
0.926219
0.316500
0.000000
0.000000
0.000000
0.857493
-0.514496
0.315748
0.926219
0.316500
0.000000
0.000000
0.000000
0.707107
-0.707107
0.315748
0.926219
0.316500
0.000000
0.000000
0.000000
0.707107
-0.707107
0.737748
0.926219
0.316500
0.000000
0.000000
0.000000
0.857493
-0.514496
0.315748
0.677387
0.316500
0.000000
0.000000
0.000000
0.707107
-0.707107
0.315748
0.926219
0.316500
0.000000
0.000000
0.000000
0.707107
-0.707107
0.104748
0.926219
0.316500
0.000000
0.000000
-0.577350
0.577350
-0.577350
0.315748
0.926219
0.422000
0.000000
0.000000
0.000000
0.707107
0.707107
0.737748
0.926219
0.316500
0.000000
0.000000
0.000000
0.857493
-0.514496
0.315748
0.926219
0.422000
0.000000
0.000000
0.000000
0.707107
0.707107
0.737748
0.926219
0.422000
0.000000
0.000000
0.000000
0.707107
0.707107
0.737748
0.926219
0.316500
0.000000
0.000000
0.000000
0.857493
-0.514496
0.820692
0.926219
0.316500
0.000000
0.000000
-0.301511
0.301511
-0.904534
0.737748
0.677387
0.316500
0.000000
0.000000
0.000000
0.447214
-0.894427
0.737748
0.926219
0.316500
0.000000
0.000000
0.000000
0.857493
-0.514496
0.820692
0.926219
0.380528
0.000000
0.000000
-0.787579
0.580310
0.207269
0.820692
0.926219
0.316500
0.000000
0.000000
-0.301511
0.301511
-0.904534
1.069524
0.926219
0.422000
0.000000
0.000000
0.666667
0.666667
0.333333
0.945108
0.926219
0.316500
0.000000
0.000000
0.275692
0.803425
-0.527733
0.945108
0.926219
0.422000
0.000000
0.000000
0.214471
0.485261
0.847658
1.069524
0.926219
0.422000
0.000000
0.000000
0.666667
0.666667
0.333333
0.945108
0.926219
0.422000
0.000000
0.000000
0.214471
0.485261
0.847658
1.069524
0.677387
0.422000
0.000000
0.000000
0.554700
0.000000
0.832050
1.069524
0.926219
0.316500
0.000000
0.000000
0.577350
0.577350
-0.577350
1.069524
0.926219
0.422000
0.000000
0.000000
0.666667
0.666667
0.333333
1.069524
0.677387
0.316500
0.000000
0.000000
0.742781
0.371391
-0.557086
1.069524
0.926219
0.316500
0.000000
0.000000
0.577350
0.577350
-0.577350
0.945108
0.926219
0.316500
0.000000
0.000000
0.275692
0.803425
-0.527733
1.069524
0.926219
0.422000
0.000000
0.000000
0.666667
0.666667
0.333333
0.104748
0.926219
0.422000
0.000000
0.000000
-0.577350
0.577350
0.577350
0.315748
0.926219
0.422000
0.000000
0.000000
0.000000
0.707107
0.707107
0.104748
0.926219
0.316500
0.000000
0.000000
-0.577350
0.577350
-0.577350
0.104748
0.926219
0.422000
0.000000
0.000000
-0.577350
0.577350
0.577350
0.104748
0.926219
0.316500
0.000000
0.000000
-0.577350
0.577350
-0.577350
0.104748
0.677387
0.422000
0.000000
0.000000
-0.196116
0.000000
0.980581
0.104748
0.677387
-0.211000
0.000000
0.000000
0.554700
0.832050
0.000000
0.104748
1.596498
-0.422000
0.000000
0.000000
0.942809
0.235702
-0.235702
0.104748
0.677387
0.000000
0.000000
0.000000
0.832050
0.554700
0.000000
0.104748
0.677387
-0.211000
0.000000
0.000000
0.554700
0.832050
0.000000
0.315748
0.677387
-0.211000
0.000000
0.000000
0.000000
1.000000
0.000000
0.104748
0.677387
-0.316500
0.000000
0.000000
0.333333
0.666667
0.666667
1.069524
0.677387
-0.211000
0.000000
0.000000
0.554700
0.832050
0.000000
1.069524
0.255387
-0.422000
0.000000
0.000000
0.942809
-0.235702
-0.235702
1.069524
0.677387
-0.316500
0.000000
0.000000
0.904534
0.301511
0.301511
1.069524
0.677387
-0.211000
0.000000
0.000000
0.554700
0.832050
0.000000
0.737748
0.677387
-0.211000
0.000000
0.000000
0.000000
1.000000
0.000000
1.069524
0.677387
0.000000
0.000000
0.000000
0.600000
0.800000
0.000000
1.069524
0.677387
-0.211000
0.000000
0.000000
0.554700
0.832050
0.000000
0.737748
0.677387
-0.316500
0.000000
0.000000
0.000000
0.707107
0.707107
0.737748
0.677387
-0.211000
0.000000
0.000000
0.000000
1.000000
0.000000
0.315748
0.677387
-0.211000
0.000000
0.000000
0.000000
1.000000
0.000000
0.104748
0.677387
-0.211000
0.000000
0.000000
0.554700
0.832050
0.000000
0.315748
0.677387
0.000000
0.000000
0.000000
0.000000
1.000000
0.000000
0.315748
0.677387
-0.211000
0.000000
0.000000
0.000000
1.000000
0.000000
0.737748
0.677387
-0.316500
0.000000
0.000000
0.000000
0.707107
0.707107
0.315748
0.677387
-0.316500
0.000000
0.000000
0.000000
0.707107
0.707107
0.737748
0.677387
-0.211000
0.000000
0.000000
0.000000
1.000000
0.000000
0.737748
0.677387
-0.316500
0.000000
0.000000
0.000000
0.707107
0.707107
0.315748
0.677387
-0.211000
0.000000
0.000000
0.000000
1.000000
0.000000
1.069524
0.677387
-0.316500
0.000000
0.000000
0.904534
0.301511
0.301511
0.737748
0.677387
-0.316500
0.000000
0.000000
0.000000
0.707107
0.707107
1.069524
0.677387
-0.211000
0.000000
0.000000
0.554700
0.832050
0.000000
1.069524
0.677387
-0.316500
0.000000
0.000000
0.904534
0.301511
0.301511
1.069524
0.963083
-0.316500
0.000000
0.000000
0.577350
0.577350
0.577350
0.737748
0.677387
-0.316500
0.000000
0.000000
0.000000
0.707107
0.707107
0.104748
0.677387
-0.316500
0.000000
0.000000
0.333333
0.666667
0.666667
0.104748
1.596498
-0.422000
0.000000
0.000000
0.942809
0.235702
-0.235702
0.104748
0.677387
-0.211000
0.000000
0.000000
0.554700
0.832050
0.000000
0.104748
0.677387
-0.316500
0.000000
0.000000
0.333333
0.666667
0.666667
0.315748
0.963083
-0.316500
0.000000
0.000000
0.000000
0.707107
0.707107
0.104748
0.963083
-0.316500
0.000000
0.000000
-0.816497
0.408248
0.408248
0.104748
0.677387
-0.316500
0.000000
0.000000
0.333333
0.666667
0.666667
0.104748
0.963083
-0.316500
0.000000
0.000000
-0.816497
0.408248
0.408248
0.104748
0.677387
-0.422000
0.000000
0.000000
-0.196116
0.000000
-0.980581
0.315748
0.677387
-0.316500
0.000000
0.000000
0.000000
0.707107
0.707107
0.104748
0.677387
-0.316500
0.000000
0.000000
0.333333
0.666667
0.666667
0.315748
0.677387
-0.211000
0.000000
0.000000
0.000000
1.000000
0.000000
0.315748
0.677387
-0.316500
0.000000
0.000000
0.000000
0.707107
0.707107
0.315748
0.963083
-0.316500
0.000000
0.000000
0.000000
0.707107
0.707107
0.104748
0.677387
-0.316500
0.000000
0.000000
0.333333
0.666667
0.666667
0.737748
0.677387
-0.316500
0.000000
0.000000
0.000000
0.707107
0.707107
0.315748
0.963083
-0.316500
0.000000
0.000000
0.000000
0.707107
0.707107
0.315748
0.677387
-0.316500
0.000000
0.000000
0.000000
0.707107
0.707107
0.737748
0.677387
-0.316500
0.000000
0.000000
0.000000
0.707107
0.707107
1.069524
0.963083
-0.316500
0.000000
0.000000
0.577350
0.577350
0.577350
0.737748
0.963083
-0.316500
0.000000
0.000000
0.000000
0.707107
0.707107
0.737748
0.963083
-0.422000
0.000000
0.000000
0.000000
0.707107
-0.707107
1.069524
0.677387
-0.422000
0.000000
0.000000
0.600000
0.000000
-0.800000
0.737748
0.677387
-0.422000
0.000000
0.000000
0.000000
0.000000
-1.000000
0.737748
0.963083
-0.422000
0.000000
0.000000
0.000000
0.707107
-0.707107
0.315748
0.963083
-0.316500
0.000000
0.000000
0.000000
0.707107
0.707107
0.737748
0.963083
-0.316500
0.000000
0.000000
0.000000
0.707107
0.707107
0.315748
0.963083
-0.422000
0.000000
0.000000
0.000000
0.707107
-0.707107
0.737748
0.963083
-0.422000
0.000000
0.000000
0.000000
0.707107
-0.707107
0.315748
0.677387
-0.422000
0.000000
0.000000
0.000000
0.000000
-1.000000
0.315748
0.963083
-0.422000
0.000000
0.000000
0.000000
0.707107
-0.707107
0.104748
0.963083
-0.422000
0.000000
0.000000
-0.333333
0.666667
-0.666667
0.315748
0.963083
-0.316500
0.000000
0.000000
0.000000
0.707107
0.707107
0.315748
0.963083
-0.316500
0.000000
0.000000
0.000000
0.707107
0.707107
0.737748
0.963083
-0.422000
0.000000
0.000000
0.000000
0.707107
-0.707107
0.315748
0.963083
-0.422000
0.000000
0.000000
0.000000
0.707107
-0.707107
0.737748
0.963083
-0.316500
0.000000
0.000000
0.000000
0.707107
0.707107
0.315748
0.963083
-0.316500
0.000000
0.000000
0.000000
0.707107
0.707107
0.737748
0.677387
-0.316500
0.000000
0.000000
0.000000
0.707107
0.707107
0.737748
0.963083
-0.316500
0.000000
0.000000
0.000000
0.707107
0.707107
1.069524
0.963083
-0.316500
0.000000
0.000000
0.577350
0.577350
0.577350
0.737748
0.963083
-0.422000
0.000000
0.000000
0.000000
0.707107
-0.707107
1.069524
0.963083
-0.422000
0.000000
0.000000
0.577350
0.577350
-0.577350
0.737748
0.963083
-0.422000
0.000000
0.000000
0.000000
0.707107
-0.707107
1.069524
0.963083
-0.316500
0.000000
0.000000
0.577350
0.577350
0.577350
1.069524
0.963083
-0.422000
0.000000
0.000000
0.577350
0.577350
-0.577350
1.069524
0.963083
-0.316500
0.000000
0.000000
0.577350
0.577350
0.577350
1.069524
0.677387
-0.422000
0.000000
0.000000
0.600000
0.000000
-0.800000
0.104748
0.963083
-0.316500
0.000000
0.000000
-0.816497
0.408248
0.408248
0.315748
0.963083
-0.316500
0.000000
0.000000
0.000000
0.707107
0.707107
0.104748
0.963083
-0.422000
0.000000
0.000000
-0.333333
0.666667
-0.666667
0.820692
0.926219
0.316500
0.000000
0.000000
-0.301511
0.301511
-0.904534
0.820692
1.191947
0.316500
0.000000
0.000000
-0.704519
0.437732
-0.558608
0.862164
0.926219
0.316500
0.000000
0.000000
0.193868
0.096934
-0.976227
0.862164
0.926219
0.316500
0.000000
0.000000
0.193868
0.096934
-0.976227
0.737748
0.677387
0.316500
0.000000
0.000000
0.000000
0.447214
-0.894427
0.820692
0.926219
0.316500
0.000000
0.000000
-0.301511
0.301511
-0.904534
0.862164
0.926219
0.316500
0.000000
0.000000
0.193868
0.096934
-0.976227
0.903636
0.967691
0.357972
0.000000
0.000000
0.770076
0.451100
-0.451100
0.945108
0.926219
0.316500
0.000000
0.000000
0.275692
0.803425
-0.527733
0.945108
0.926219
0.316500
0.000000
0.000000
0.275692
0.803425
-0.527733
1.069524
0.677387
0.316500
0.000000
0.000000
0.742781
0.371391
-0.557086
0.862164
0.926219
0.316500
0.000000
0.000000
0.193868
0.096934
-0.976227
0.945108
0.926219
0.316500
0.000000
0.000000
0.275692
0.803425
-0.527733
0.903636
0.967691
0.380528
0.000000
0.000000
0.876191
0.373238
0.304931
0.945108
0.926219
0.422000
0.000000
0.000000
0.214471
0.485261
0.847658
0.945108
0.926219
0.422000
0.000000
0.000000
0.214471
0.485261
0.847658
0.903636
0.967691
0.380528
0.000000
0.000000
0.876191
0.373238
0.304931
0.862164
0.967691
0.422000
0.000000
0.000000
0.441386
0.323117
0.837122
0.945108
0.926219
0.422000
0.000000
0.000000
0.214471
0.485261
0.847658
0.862164
0.967691
0.422000
0.000000
0.000000
0.441386
0.323117
0.837122
0.779220
0.926219
0.422000
0.000000
0.000000
-0.106060
0.731706
0.673319
0.779220
0.926219
0.422000
0.000000
0.000000
-0.106060
0.731706
0.673319
0.737748
0.677387
0.422000
0.000000
0.000000
0.000000
0.000000
1.000000
0.945108
0.926219
0.422000
0.000000
0.000000
0.214471
0.485261
0.847658
0.779220
0.926219
0.422000
0.000000
0.000000
-0.106060
0.731706
0.673319
0.862164
0.967691
0.422000
0.000000
0.000000
-0.788675
0.577350
0.211325
0.820692
0.926219
0.380528
0.000000
0.000000
-0.787579
0.580310
0.207269
0.820692
0.926219
0.380528
0.000000
0.000000
-0.787579
0.580310
0.207269
0.737748
0.926219
0.316500
0.000000
0.000000
0.000000
0.857493
-0.514496
0.779220
0.926219
0.422000
0.000000
0.000000
-0.106060
0.731706
0.673319
0.820692
0.926219
0.380528
0.000000
0.000000
-0.787579
0.580310
0.207269
0.820692
1.191947
0.316500
0.000000
0.000000
-0.704519
0.437732
-0.558608
0.820692
0.926219
0.316500
0.000000
0.000000
-0.301511
0.301511
-0.904534
0.820692
0.926219
0.380528
0.000000
0.000000
-0.787579
0.580310
0.207269
0.862164
1.191947
0.422000
0.000000
0.000000
-0.692703
0.200813
0.692703
0.820692
1.191947
0.380528
0.000000
0.000000
-0.854763
0.367001
0.367001
0.820692
1.191947
0.316500
0.000000
0.000000
-0.704519
0.437732
-0.558608
0.862164
1.233419
0.357972
0.000000
0.000000
-0.408248
0.816497
-0.408248
0.862164
1.191947
0.316500
0.000000
0.000000
0.367001
0.367001
-0.854763
0.862164
1.191947
0.316500
0.000000
0.000000
0.367001
0.367001
-0.854763
0.862164
0.926219
0.316500
0.000000
0.000000
0.193868
0.096934
-0.976227
0.820692
1.191947
0.316500
0.000000
0.000000
-0.704519
0.437732
-0.558608
0.862164
1.191947
0.316500
0.000000
0.000000
0.367001
0.367001
-0.854763
0.903636
1.191947
0.357972
0.000000
0.000000
0.886848
0.326727
-0.326727
0.862164
0.926219
0.316500
0.000000
0.000000
0.193868
0.096934
-0.976227
0.820692
1.191947
0.380528
0.000000
0.000000
-0.854763
0.367001
0.367001
0.820692
1.191947
0.316500
0.000000
0.000000
-0.704519
0.437732
-0.558608
0.820692
0.926219
0.380528
0.000000
0.000000
-0.787579
0.580310
0.207269
0.820692
1.191947
0.380528
0.000000
0.000000
-0.854763
0.367001
0.367001
0.862164
1.233419
0.380528
0.000000
0.000000
-0.692703
0.692703
0.200813
0.820692
1.191947
0.316500
0.000000
0.000000
-0.704519
0.437732
-0.558608
0.862164
1.233419
0.357972
0.000000
0.000000
-0.408248
0.816497
-0.408248
0.820692
1.191947
0.316500
0.000000
0.000000
-0.704519
0.437732
-0.558608
0.862164
1.233419
0.380528
0.000000
0.000000
-0.692703
0.692703
0.200813
0.862164
1.233419
0.380528
0.000000
0.000000
-0.692703
0.692703
0.200813
0.862164
1.233419
0.357972
0.000000
0.000000
0.673887
0.673887
-0.302905
0.862164
1.233419
0.357972
0.000000
0.000000
-0.408248
0.816497
-0.408248
0.862164
1.233419
0.380528
0.000000
0.000000
-0.692703
0.692703
0.200813
0.862164
1.191947
0.422000
0.000000
0.000000
0.692703
0.200813
0.692703
0.862164
1.233419
0.380528
0.000000
0.000000
0.692703
0.692703
0.200813
0.862164
1.233419
0.380528
0.000000
0.000000
0.692703
0.692703
0.200813
0.862164
1.233419
0.357972
0.000000
0.000000
0.673887
0.673887
-0.302905
0.862164
1.233419
0.380528
0.000000
0.000000
-0.692703
0.692703
0.200813
0.862164
1.233419
0.380528
0.000000
0.000000
0.692703
0.692703
0.200813
0.903636
1.191947
0.357972
0.000000
0.000000
0.886848
0.326727
-0.326727
0.862164
1.233419
0.357972
0.000000
0.000000
0.673887
0.673887
-0.302905
0.862164
1.233419
0.357972
0.000000
0.000000
0.673887
0.673887
-0.302905
0.862164
1.191947
0.316500
0.000000
0.000000
0.367001
0.367001
-0.854763
0.862164
1.233419
0.357972
0.000000
0.000000
-0.408248
0.816497
-0.408248
0.862164
1.233419
0.357972
0.000000
0.000000
0.673887
0.673887
-0.302905
0.903636
1.191947
0.357972
0.000000
0.000000
0.886848
0.326727
-0.326727
0.862164
1.191947
0.316500
0.000000
0.000000
0.367001
0.367001
-0.854763
0.903636
1.191947
0.357972
0.000000
0.000000
0.886848
0.326727
-0.326727
0.862164
1.233419
0.380528
0.000000
0.000000
0.692703
0.692703
0.200813
0.903636
1.191947
0.380528
0.000000
0.000000
0.854763
0.367001
0.367001
0.903636
1.191947
0.380528
0.000000
0.000000
0.854763
0.367001
0.367001
0.903636
0.967691
0.380528
0.000000
0.000000
0.876191
0.373238
0.304931
0.903636
1.191947
0.357972
0.000000
0.000000
0.886848
0.326727
-0.326727
0.903636
1.191947
0.380528
0.000000
0.000000
0.854763
0.367001
0.367001
0.862164
1.191947
0.422000
0.000000
0.000000
0.692703
0.200813
0.692703
0.903636
0.967691
0.380528
0.000000
0.000000
0.876191
0.373238
0.304931
0.903636
0.967691
0.380528
0.000000
0.000000
0.876191
0.373238
0.304931
0.945108
0.926219
0.316500
0.000000
0.000000
0.275692
0.803425
-0.527733
0.903636
0.967691
0.357972
0.000000
0.000000
0.770076
0.451100
-0.451100
0.903636
0.967691
0.357972
0.000000
0.000000
0.770076
0.451100
-0.451100
0.862164
0.926219
0.316500
0.000000
0.000000
0.193868
0.096934
-0.976227
0.903636
1.191947
0.357972
0.000000
0.000000
0.886848
0.326727
-0.326727
0.903636
0.967691
0.357972
0.000000
0.000000
0.770076
0.451100
-0.451100
0.903636
1.191947
0.357972
0.000000
0.000000
0.886848
0.326727
-0.326727
0.903636
0.967691
0.380528
0.000000
0.000000
0.876191
0.373238
0.304931
0.862164
1.191947
0.422000
0.000000
0.000000
0.692703
0.200813
0.692703
0.862164
1.233419
0.380528
0.000000
0.000000
-0.692703
0.692703
0.200813
0.862164
1.191947
0.422000
0.000000
0.000000
-0.692703
0.200813
0.692703
0.862164
1.191947
0.422000
0.000000
0.000000
0.692703
0.200813
0.692703
0.903636
1.191947
0.380528
0.000000
0.000000
0.854763
0.367001
0.367001
0.862164
1.233419
0.380528
0.000000
0.000000
0.692703
0.692703
0.200813
0.862164
1.191947
0.422000
0.000000
0.000000
-0.692703
0.200813
0.692703
0.820692
0.926219
0.380528
0.000000
0.000000
-0.787579
0.580310
0.207269
0.862164
0.967691
0.422000
0.000000
0.000000
-0.788675
0.577350
0.211325
0.862164
1.191947
0.422000
0.000000
0.000000
-0.692703
0.200813
0.692703
0.862164
1.233419
0.380528
0.000000
0.000000
-0.692703
0.692703
0.200813
0.820692
1.191947
0.380528
0.000000
0.000000
-0.854763
0.367001
0.367001
0.862164
1.191947
0.422000
0.000000
0.000000
-0.692703
0.200813
0.692703
0.862164
0.967691
0.422000
0.000000
0.000000
0.441386
0.323117
0.837122
0.862164
1.191947
0.422000
0.000000
0.000000
0.692703
0.200813
0.692703
0.862164
0.967691
0.422000
0.000000
0.000000
-0.788675
0.577350
0.211325
0.779220
0.926219
0.422000
0.000000
0.000000
-0.106060
0.731706
0.673319
0.862164
0.967691
0.422000
0.000000
0.000000
0.441386
0.323117
0.837122
0.862164
0.967691
0.422000
0.000000
0.000000
-0.788675
0.577350
0.211325
0.862164
0.967691
0.422000
0.000000
0.000000
0.441386
0.323117
0.837122
0.862164
1.191947
0.422000
0.000000
0.000000
-0.692703
0.200813
0.692703
0.862164
0.967691
0.422000
0.000000
0.000000
0.441386
0.323117
0.837122
0.903636
0.967691
0.380528
0.000000
0.000000
0.876191
0.373238
0.304931
0.862164
1.191947
0.422000
0.000000
0.000000
0.692703
0.200813
0.692703
2.014363
0.255387
0.422000
0.000000
0.000000
0.000000
0.554700
0.832050
2.227867
-0.166613
0.422000
0.000000
0.000000
0.485071
-0.485071
0.727607
2.121115
0.255387
0.422000
0.000000
0.000000
-0.408248
0.408248
0.816497
2.014363
0.255387
0.422000
0.000000
0.000000
0.000000
0.554700
0.832050
2.014363
0.255387
-0.422000
0.000000
0.000000
0.000000
0.800000
-0.600000
1.800859
0.255387
0.422000
0.000000
0.000000
0.000000
0.800000
0.600000
2.014363
0.255387
-0.422000
0.000000
0.000000
0.000000
0.800000
-0.600000
2.121115
0.255387
0.422000
0.000000
0.000000
-0.408248
0.408248
0.816497
2.121115
0.255387
-0.422000
0.000000
0.000000
-0.301511
0.301511
-0.904534
2.121115
0.255387
-0.422000
0.000000
0.000000
-0.301511
0.301511
-0.904534
2.227867
-0.166613
-0.422000
0.000000
0.000000
0.301511
-0.301511
-0.904534
2.014363
0.255387
-0.422000
0.000000
0.000000
0.000000
0.800000
-0.600000
2.121115
0.255387
-0.422000
0.000000
0.000000
-0.301511
0.301511
-0.904534
2.121115
0.397928
-0.422000
0.000000
0.000000
-0.577350
0.577350
-0.577350
2.227867
0.255387
-0.422000
0.000000
0.000000
0.800000
0.000000
-0.600000
2.121115
0.255387
0.422000
0.000000
0.000000
-0.408248
0.408248
0.816497
2.014363
0.255387
-0.422000
0.000000
0.000000
0.000000
0.800000
-0.600000
2.014363
0.255387
0.422000
0.000000
0.000000
0.000000
0.554700
0.832050
2.121115
0.255387
0.422000
0.000000
0.000000
-0.408248
0.408248
0.816497
2.121115
0.397928
-0.422000
0.000000
0.000000
-0.577350
0.577350
-0.577350
2.121115
0.255387
-0.422000
0.000000
0.000000
-0.301511
0.301511
-0.904534
2.121115
0.397928
-0.422000
0.000000
0.000000
-0.577350
0.577350
-0.577350
2.121115
0.255387
0.422000
0.000000
0.000000
-0.408248
0.408248
0.816497
2.121115
0.397928
0.422000
0.000000
0.000000
-0.577350
0.577350
0.577350
2.121115
0.397928
0.422000
0.000000
0.000000
-0.577350
0.577350
0.577350
2.121115
0.255387
0.422000
0.000000
0.000000
-0.408248
0.408248
0.816497
2.227867
0.397928
0.422000
0.000000
0.000000
0.577350
0.577350
0.577350
2.121115
0.397928
0.422000
0.000000
0.000000
-0.577350
0.577350
0.577350
2.227867
0.397928
0.422000
0.000000
0.000000
0.577350
0.577350
0.577350
2.121115
0.397928
-0.422000
0.000000
0.000000
-0.577350
0.577350
-0.577350
2.227867
0.397928
0.422000
0.000000
0.000000
0.577350
0.577350
0.577350
2.227867
0.255387
-0.422000
0.000000
0.000000
0.800000
0.000000
-0.600000
2.227867
0.397928
-0.422000
0.000000
0.000000
0.577350
0.577350
-0.577350
2.227867
0.397928
-0.422000
0.000000
0.000000
0.577350
0.577350
-0.577350
2.227867
0.255387
-0.422000
0.000000
0.000000
0.800000
0.000000
-0.600000
2.121115
0.397928
-0.422000
0.000000
0.000000
-0.577350
0.577350
-0.577350
2.227867
0.397928
-0.422000
0.000000
0.000000
0.577350
0.577350
-0.577350
2.121115
0.397928
-0.422000
0.000000
0.000000
-0.577350
0.577350
-0.577350
2.227867
0.397928
0.422000
0.000000
0.000000
0.577350
0.577350
0.577350
